timestamp,emg1,emg2,emg3,emg4,emg5,emg6,emg7,emg8
1519732431972981,2,11,9,-3,0,-3,-4,-3
1519732431972981,-5,-10,-12,1,-3,1,0,0
1519732431973986,-13,0,-8,-11,-2,-3,1,-1
1519732431973986,-14,-9,5,8,1,1,-2,-2
1519732431986015,25,11,14,5,2,0,0,4
1519732431986015,3,-3,-17,-4,-13,-8,-6,-5
1519732431995039,-6,-4,2,0,2,2,3,1
1519732431995039,-5,-4,-11,1,7,-1,-1,-1
1519732432010080,-22,-9,7,1,1,3,3,1
1519732432010080,9,14,6,1,0,0,2,-1
1519732432011090,5,6,-7,-4,-4,-3,-1,1
1519732432011090,14,3,-7,-14,-7,-3,-3,0
1519732432032137,-23,-9,-4,2,-1,3,3,-3
1519732432032137,41,30,21,19,4,0,-3,5
1519732432034142,-44,-20,15,17,14,4,4,0
1519732432034142,35,22,-4,-9,-13,-10,-7,-3
1519732432046174,-18,-15,-15,-9,3,-2,-2,-3
1519732432046174,-16,-25,-33,-15,-7,-3,-6,-9
1519732432055198,-18,-14,5,-7,-2,2,2,0
1519732432055198,22,14,29,13,5,4,2,7
1519732432069236,-26,-11,3,12,-1,0,0,-3
1519732432069236,21,3,-3,-5,-4,-4,-3,1
1519732432076255,25,14,-19,-11,-7,-7,-6,-2
1519732432076255,-17,-12,-18,-11,-6,-2,-1,-5
1519732432092307,-14,-19,2,3,-2,1,0,-1
1519732432092307,-13,14,27,14,13,7,8,4
1519732432094313,57,34,-15,-5,-7,-4,-4,2
1519732432094313,-12,-15,-2,-4,-4,0,0,-1
1519732432106334,24,18,3,2,3,-5,-3,-2
1519732432106334,-39,-19,-2,-2,-6,2,1,-2
1519732432115358,-13,-18,1,-1,0,0,-2,-4
1519732432115358,1,5,2,4,4,1,1,1
1519732432129396,-9,-6,-8,-4,-5,-2,-2,-1
1519732432129396,6,1,-8,-11,-12,-6,-2,-2
1519732432131401,7,11,11,3,0,1,0,2
1519732432131401,-4,-1,0,2,3,-1,-1,-2
1519732432152457,-2,-3,0,3,2,-2,0,-1
1519732432152457,4,5,-1,-2,2,1,-1,0
1519732432154462,-35,-31,-3,-9,-9,0,3,-4
1519732432154462,45,32,-13,7,8,-2,-4,0
1519732432166494,19,16,19,2,1,1,-2,2
1519732432166494,5,8,9,9,7,3,5,10
1519732432175524,-17,-12,2,4,2,2,5,1
1519732432175524,-17,-11,-2,-3,-6,3,4,9
1519732432189556,1,5,-9,-8,-8,-2,-2,0
1519732432189556,-5,-18,-11,-7,2,-2,-5,-7
1519732432191565,-12,-6,-5,-1,-2,1,1,-2
1519732432191565,-8,-8,8,-10,-19,-1,2,0
1519732432212620,12,13,-1,19,35,4,-1,0
1519732432212620,-21,-9,15,6,8,6,7,3
1519732432213620,11,3,-6,-3,-7,-9,-10,-19
1519732432213620,2,5,-2,-1,-4,-1,-1,1
1519732432226660,-11,-22,-10,-12,-12,1,3,-3
1519732432226660,0,-8,-15,-10,-6,-4,-5,-6
1519732432234676,-17,-2,13,11,12,3,-18,-12
1519732432234676,-18,-11,7,8,6,1,2,6
1519732432249715,5,-4,-13,-14,-13,-8,-9,-4
1519732432249715,17,16,-6,-2,2,-3,-2,-1
1519732432255732,29,1,-6,-8,-10,-6,1,10
1519732432255732,-47,-23,14,13,9,6,4,4
1519732432272778,-12,-12,-2,1,0,0,0,0
1519732432272778,17,33,-11,-8,-7,-5,-1,-3
1519732432273782,1,-9,1,-5,-1,-5,-4,-6
1519732432273782,-10,-1,-6,-6,1,-1,0,-7
1519732432285816,-14,10,6,6,0,3,8,-1
1519732432285816,51,28,0,-1,-2,-3,-3,4
1519732432294836,-12,-8,-5,-9,-11,-3,-1,-6
1519732432294836,-1,-4,-5,8,26,0,-10,-6
1519732432309883,-15,-6,7,4,2,11,9,19
1519732432309883,-21,-22,6,4,-5,-6,-1,0
1519732432311881,-2,14,5,1,2,7,6,6
1519732432311881,27,11,-3,-3,-10,-3,-3,-7
1519732432331934,-7,0,27,15,5,-1,3,0
1519732432331934,-19,-17,-11,-3,3,0,-2,-12
1519732432333940,3,-10,-6,-7,-8,-4,-8,2
1519732432333940,-34,-24,-2,1,3,13,10,2
1519732432345971,13,4,-10,-8,-4,-5,-6,-7
1519732432345971,-7,-8,2,-3,-5,-2,-1,-2
1519732432355000,-11,-6,-1,-4,1,-4,1,0
1519732432355000,-40,-19,-2,-2,-4,-3,-6,-12
1519732432369033,38,24,-10,-4,-5,-7,-8,-5
1519732432369033,16,26,8,6,3,2,0,6
1519732432376058,-26,-9,13,14,16,17,9,3
1519732432376058,30,27,-7,-4,-11,-19,-3,4
1519732432400116,-5,5,13,-5,-6,0,4,-2
1519732432400116,-5,-10,-12,-4,-1,0,-2,2
1519732432401119,7,0,-10,-3,0,-9,0,3
1519732432401119,11,-4,2,-4,-8,-3,3,1
1519732432406131,-10,-11,-15,-4,-3,-11,-20,-12
1519732432406131,-3,0,8,3,8,18,14,9
1519732432415156,-1,0,0,4,1,3,8,3
1519732432415156,15,1,0,-4,-2,10,-4,6
1519732432429193,13,2,-8,-8,-13,-25,-4,8
1519732432429193,-16,-13,-6,3,-2,3,-1,-4
1519732432436212,19,18,22,8,3,5,7,9
1519732432436212,27,15,-3,-6,-8,-13,-12,-6
1519732432452254,-15,-10,3,5,14,17,8,-2
1519732432452254,10,3,0,1,-1,-12,-6,2
1519732432454261,3,0,-12,-10,-5,-1,0,-1
1519732432454261,-27,-24,-5,5,1,1,5,-3
1519732432466291,68,54,1,-2,-6,-3,-4,12
1519732432466291,-6,-2,1,0,0,-2,-4,-10
1519732432475317,-7,-1,5,2,2,1,-5,0
1519732432475317,-1,-3,-2,-3,-1,-2,-1,-3
1519732432489353,-13,-12,-13,-9,-3,1,0,-2
1519732432489353,-15,-17,-5,0,2,11,-5,-1
1519732432496371,11,10,-3,-1,-4,-24,-4,-1
1519732432496371,-8,4,3,-1,0,-7,6,-4
1519732432512415,-7,-19,-13,-2,1,20,11,-2
1519732432512415,7,6,9,-1,-4,-8,-1,7
1519732432514420,-30,-12,6,6,2,4,-1,-13
1519732432514420,19,10,1,1,-2,-3,-8,8
1519732432526452,-21,-19,-6,-6,-3,-6,-5,-7
1519732432526452,-12,-11,-7,-3,3,-1,2,-2
1519732432535476,5,-1,-4,-3,0,9,2,8
1519732432535476,10,19,4,2,0,1,4,4
1519732432548510,2,5,10,5,2,2,-1,-1
1519732432548510,-29,-14,-1,-2,1,4,3,-5
1519732432564553,11,5,-10,1,-2,-6,-5,-2
1519732432564553,19,9,0,-6,0,2,-1,1
1519732432572574,3,-1,-3,-8,-3,-5,-5,-6
1519732432572574,-4,-8,-6,-1,2,0,1,-3
1519732432574585,0,-1,-7,0,0,-5,-2,-2
1519732432574585,-6,4,19,9,5,3,2,-1
1519732432585609,-10,-9,-2,-1,-3,-2,0,0
1519732432585609,3,-3,0,-6,-5,-5,-3,-1
1519732432594633,3,2,-11,-9,-2,1,0,0
1519732432594633,1,-4,-10,0,2,12,0,-2
1519732432609679,-10,-9,10,4,-2,-16,0,-4
1519732432609679,7,7,5,0,-2,-3,-4,0
1519732432615689,0,-4,-4,-4,-8,-4,-7,-6
1519732432615689,-5,-9,-11,-9,-4,10,4,-2
1519732432632735,5,0,-7,-6,1,-4,-3,-1
1519732432632735,7,4,5,9,0,-1,-1,2
1519732432633737,-2,4,5,-2,7,-5,-1,0
1519732432633737,-8,1,10,9,-1,10,0,-1
1519732432654793,3,-3,-7,-7,-7,-3,-1,0
1519732432654793,6,-2,-3,-1,-5,-4,0,1
1519732432656800,-2,-9,-3,-2,-4,2,-1,-3
1519732432656800,-14,-11,-4,-6,0,-7,-1,-5
1519732432668831,5,4,-3,-1,-3,18,1,-1
1519732432668831,-25,-19,1,0,3,-28,-7,-6
1519732432675849,14,14,6,-1,2,8,5,4
1519732432675849,-3,-5,-6,2,-11,-9,-5,-4
1519732432692895,-10,-8,6,2,-3,2,3,1
1519732432692895,-4,-5,-13,-7,1,12,2,1
1519732432693897,5,14,11,19,7,-5,-2,2
1519732432693897,9,2,-2,-10,-8,-14,-5,0
1519732432714954,-4,-1,-1,5,15,12,1,0
1519732432714954,4,2,6,-5,-6,-1,-2,-2
1519732432716959,-7,-6,-4,-4,-6,-1,1,-1
1519732432716959,13,5,-11,0,4,0,-1,-1
1519732432728991,7,9,-7,-2,-5,-7,-2,2
1519732432728991,-5,-9,13,10,9,8,1,-2
1519732432738016,9,4,-3,-16,-3,-1,0,2
1519732432738016,-27,-21,-9,1,0,-8,-3,-6
1519732432752052,-9,-5,-3,-8,-2,1,-1,-1
1519732432752052,42,40,11,7,-1,-2,0,5
1519732432754067,-16,-10,-5,-5,-3,-3,-5,-3
1519732432754067,-3,-5,-7,5,1,3,2,2
1519732432775115,9,13,22,11,17,-3,0,0
1519732432775115,-18,-23,-20,-11,-9,-1,-3,-6
1519732432776121,-7,-9,-13,-7,-15,0,3,-1
1519732432776121,3,15,2,-11,-1,0,2,4
1519732432788147,9,8,7,11,-2,1,0,1
1519732432788147,11,11,16,4,2,1,1,3
1519732432797172,6,-1,-12,-6,-1,-2,-2,-3
1519732432797172,-12,-16,-19,-10,2,3,0,-3
1519732432812212,-7,3,14,10,4,-2,-2,0
1519732432812212,-10,3,20,6,12,19,5,4
1519732432814217,-5,-14,-11,10,4,-15,-9,-5
1519732432814217,-5,2,3,-10,-11,-3,2,-1
1519732432835273,8,-7,-11,-14,-15,-7,-2,0
1519732432835273,-2,-2,-21,2,12,2,-2,-4
1519732432836276,-20,-5,17,4,-5,10,4,-1
1519732432836276,18,14,11,6,13,-6,-2,-2
1519732432848308,-12,-11,-15,-4,-1,-2,-2,-4
1519732432848308,-2,-6,-21,-10,-13,-6,-2,-3
1519732432857333,3,11,20,5,9,5,2,3
1519732432857333,-15,-16,16,9,-7,3,4,1
1519732432872372,23,14,-19,-12,-6,4,1,5
1519732432872372,3,-4,-13,-10,-5,-14,-11,-4
1519732432874381,16,8,-12,4,7,0,-4,-1
1519732432874381,4,11,25,12,-5,2,1,0
1519732432894431,-33,-21,5,2,10,4,1,-5
1519732432894431,0,-7,-11,-7,-8,-3,0,-1
1519732432896436,-5,-9,-20,-22,-12,-2,3,-4
1519732432896436,-6,-5,-7,1,-2,-6,-3,-2
1519732432908469,9,3,9,10,-4,-1,1,2
1519732432908469,-2,1,10,5,4,1,0,-1
1519732432917492,-34,-13,22,11,-3,3,3,-3
1519732432917492,42,29,-17,-5,-3,3,-5,2
1519732432932532,-16,-11,-3,-6,-7,-7,-3,-1
1519732432932532,17,11,-8,-5,0,3,-1,-1
1519732432933535,-14,-16,-1,4,3,8,2,-2
1519732432933535,-10,-8,6,4,0,-5,-6,-4
1519732432954591,13,14,-9,-6,9,-1,-1,1
1519732432954591,-18,-19,10,2,-10,-6,-3,1
1519732432956598,-1,9,-12,-8,-22,4,3,-1
1519732432956598,29,7,0,-14,5,7,-7,1
1519732432968628,-9,-9,-6,-5,-3,-13,1,-3
1519732432968628,-25,-24,1,9,-5,-9,-4,-1
1519732432977652,33,24,1,-1,2,-2,-5,1
1519732432977652,-10,-1,6,0,-8,-10,4,-1
1519732432992692,-3,-1,1,-1,0,4,3,-4
1519732432992692,-21,-16,4,8,7,9,8,4
1519732432993695,11,-4,-3,-3,-1,-4,-6,-3
1519732432993695,-17,-7,-7,3,6,1,2,-1
1519732433014751,21,-9,-13,-9,-4,6,-1,-1
1519732433014751,-5,3,2,3,-2,-3,3,-4
1519732433016757,2,1,4,-6,-3,-6,-1,1
1519732433016757,-22,-5,1,15,34,9,3,-1
1519732433028788,-9,-8,5,3,-7,5,-1,1
1519732433028788,20,16,-8,-12,-23,-12,-5,-2
1519732433037812,-43,-27,-4,7,27,12,4,-2
1519732433037812,60,29,-15,-23,-10,-5,-6,2
1519732433052852,-3,-7,0,8,11,-5,-6,-5
1519732433052852,7,8,6,7,3,-1,-3,0
1519732433053856,-6,-5,3,2,-4,4,3,0
1519732433053856,-3,0,-5,-3,-8,-6,0,0
1519732433074912,5,7,10,5,4,3,-2,1
1519732433074912,-4,-7,-5,-5,-5,4,0,-1
1519732433076917,-16,-14,-2,0,-8,-8,-6,-11
1519732433076917,-10,-22,-7,3,9,6,0,-5
1519732433088948,39,30,-9,-5,-14,-13,-4,9
1519732433088948,-29,-23,13,-5,10,12,13,-3
1519732433097972,12,18,-3,2,2,-3,-4,2
1519732433097972,15,10,1,-11,-25,-9,-7,-5
1519732433112011,-14,-11,4,10,8,8,10,-1
1519732433112011,7,10,-3,-7,9,-4,-17,-9
1519732433114016,-4,0,0,-1,3,0,-1,-5
1519732433114016,-8,1,4,6,-1,0,2,2
1519732433135072,-16,-7,2,-2,-4,-3,0,-4
1519732433135072,26,22,-6,-6,-5,9,2,-3
1519732433137077,23,8,-1,0,2,-12,-5,-2
1519732433137077,-16,-22,0,5,2,-3,1,1
1519732433149109,-25,-5,-4,-4,-8,-3,-4,-8
1519732433149109,1,14,9,7,6,2,10,1
1519732433157140,10,0,0,-3,-4,-3,-14,0
1519732433157140,-32,-29,-8,-6,-9,-8,7,3
1519732433172170,-17,-12,-3,-13,-8,-1,-1,-1
1519732433172170,13,18,-2,8,15,-1,-3,4
1519732433174186,-5,2,4,6,19,5,7,7
1519732433174186,-18,-9,5,6,0,0,3,-5
1519732433195231,1,5,2,-7,-6,6,3,3
1519732433195231,-5,-15,-23,-9,-14,-15,-14,-7
1519732433196234,13,9,15,8,-1,3,2,5
1519732433196234,-1,5,9,2,11,4,1,-1
1519732433209276,5,3,2,3,0,-5,-3,-1
1519732433209276,-16,-9,-3,-3,-4,7,14,17
1519732433217290,2,-5,-14,-13,-7,-12,-5,-1
1519732433217290,28,10,-10,-4,-6,0,-3,6
1519732433232333,1,7,7,5,3,-3,-3,2
1519732433232333,7,-1,-1,-4,-4,-7,-2,-28
1519732433234335,-15,-9,5,2,-9,1,1,1
1519732433234335,-62,-30,8,8,4,13,7,-8
1519732433255391,31,16,-12,-7,1,-6,-9,-1
1519732433255391,-4,-10,-12,-13,-8,1,-1,4
1519732433256395,-2,2,-3,6,10,-13,-4,0
1519732433256395,5,7,13,6,3,2,-2,-4
1519732433268425,-33,-22,1,9,-4,4,-5,-12
1519732433268425,68,51,0,-6,-6,-9,-12,38
1519732433277450,-4,-12,1,-5,-4,9,2,15
1519732433277450,53,39,-9,-4,-3,-5,-7,9
1519732433292490,3,0,2,2,4,2,7,19
1519732433292490,1,7,3,2,-15,-1,2,-7
1519732433294495,-25,-24,-13,-8,-4,2,13,-9
1519732433294495,12,14,9,7,8,0,2,13
1519732433314548,-4,-3,4,1,0,2,4,-1
1519732433314548,3,10,-4,-5,4,2,0,-11
1519732433316554,3,1,0,-3,-2,-6,0,-28
1519732433316554,13,11,-10,-6,-12,4,-1,-2
1519732433328586,-2,-6,11,1,2,0,-6,0
1519732433328586,-6,-12,0,5,7,3,5,12
1519732433337612,28,15,-3,-7,-7,17,-6,1
1519732433337612,-37,-23,-18,-9,-2,-32,-21,-21
1519732433351647,25,20,-5,-1,-2,-1,3,-3
1519732433351647,5,0,16,7,3,7,-2,24
1519732433358666,-8,10,1,10,1,1,-6,-22
1519732433358666,-24,-26,5,-3,-12,-5,8,2
1519732433374709,-14,-7,-11,-5,28,15,-2,-1
1519732433374709,-21,-15,3,0,-3,0,6,-12
1519732433376714,14,9,6,5,5,-7,-15,27
1519732433376714,13,17,-2,-9,-11,10,0,-10
1519732433388745,-8,4,3,4,2,-4,3,5
1519732433388745,7,-24,-12,-5,5,-1,-6,7
1519732433397770,3,9,5,2,4,11,-3,0
1519732433397770,2,-10,2,5,2,-6,-1,5
1519732433411807,-10,-9,-1,-5,-15,8,12,-5
1519732433411807,-33,-20,-9,-1,2,-9,-13,-26
1519732433418826,17,9,4,-6,-7,-4,-6,26
1519732433418826,-13,-8,-13,0,5,-11,-6,0
1519732433434869,4,13,13,6,-3,-4,-2,-28
1519732433434869,-34,-22,5,0,-6,-2,5,-8
1519732433436874,11,2,-9,-3,-4,-11,0,-1
1519732433436874,-12,-9,7,1,7,17,9,8
1519732433457932,-3,-6,-5,-3,-3,-28,-25,-11
1519732433457932,-23,-15,-2,1,-8,-22,10,-9
1519732433458937,5,-8,-7,-10,-4,6,0,-6
1519732433458937,19,4,-13,-9,-7,17,-1,-4
1519732433471967,-3,-7,2,3,14,8,13,7
1519732433471967,-6,2,3,1,1,11,1,-7
1519732433478985,-5,-1,3,5,1,-3,5,-3
1519732433478985,-1,-8,-4,-3,-1,-3,-4,2
1519732433495028,-5,-9,-8,-7,-15,-22,2,3
1519732433495028,-1,0,-1,-3,9,3,-13,6
1519732433497034,5,9,-13,0,4,4,3,-5
1519732433497034,5,12,28,13,-4,3,-1,4
1519732433509073,4,-2,-5,-2,0,0,-15,3
1519732433509073,-13,-1,0,4,4,1,16,5
1519732433518090,49,28,-7,-11,-11,-13,-7,3
1519732433518090,-5,-11,-14,-7,3,-6,-2,-2
1519732433532127,6,5,-2,1,1,-2,-3,2
1519732433532127,-25,-18,-4,-2,-9,-1,0,-18
1519732433539147,-7,-5,7,3,-2,-17,-12,10
1519732433539147,-2,2,2,4,-5,-29,20,8
1519732433555188,9,-8,-10,-12,-9,-4,-1,-8
1519732433555188,-11,2,3,8,17,16,-3,-4
1519732433556191,-9,7,12,2,-21,2,9,-8
1519732433556191,3,5,1,1,5,15,-3,-5
1519732433568224,-32,-30,-8,-3,-7,2,-7,0
1519732433568224,23,15,-15,-7,-4,0,3,10
1519732433577247,-25,-28,-6,-6,6,-6,-3,-6
1519732433577247,1,0,7,9,4,11,2,1
1519732433591285,33,46,11,5,3,19,8,4
1519732433591285,19,3,2,1,-9,-18,-12,-2
1519732433598303,-13,-8,-2,-5,-3,-1,3,0
1519732433598303,-28,-8,-11,-8,4,3,-5,-12
1519732433615349,7,-13,2,-2,1,-1,1,5
1519732433615349,4,6,6,12,-8,-7,-4,2
1519732433616352,-10,-15,-13,-8,-1,-3,6,-4
1519732433616352,-1,-1,3,7,-3,-2,0,1
1519732433637409,-53,-35,-4,-9,-3,-2,-3,-13
1519732433637409,58,47,-1,-8,-6,6,10,5
1519732433639415,8,-6,8,-8,-22,-8,-13,-2
1519732433639415,2,3,-11,8,30,15,-1,-7
1519732433651445,-31,-25,-13,-6,-9,-9,5,3
1519732433651445,12,9,13,8,18,0,0,-2
1519732433660471,4,16,8,7,0,-1,4,4
1519732433660471,-13,-9,-8,-13,-1,1,-5,-8
1519732433675509,32,20,10,1,-7,-15,-4,5
1519732433675509,-18,-17,-20,-5,-3,2,-11,-5
1519732433676512,-3,-1,-5,2,9,4,9,2
1519732433676512,-16,-1,22,8,11,-6,-5,0
1519732433697567,24,8,-11,-4,-5,5,-4,-5
1519732433697567,11,14,8,-11,-12,-4,-4,-1
1519732433698570,-22,-15,-9,15,12,7,4,-4
1519732433698570,17,9,9,1,-16,-2,0,3
1519732433712608,-38,-17,5,-1,1,11,6,-4
1519732433712608,-13,-15,-15,6,8,1,0,-1
1519732433718623,14,11,-7,-16,-8,6,7,6
1519732433718623,-7,-7,1,-10,6,7,-8,-8
1519732433734666,12,13,-2,19,0,-9,-1,0
1519732433734666,-4,-18,0,-28,-67,-35,-5,-3
1519732433736671,-5,3,17,22,60,32,19,11
1519732433736671,0,-4,-15,-8,-22,4,-1,0
1519732433757727,-1,9,6,-6,11,-6,-19,-4
1519732433757727,23,4,-16,-8,12,6,-2,-3
1519732433758730,-5,-5,-1,8,-10,-8,0,-3
1519732433758730,15,17,18,6,4,-6,3,4
1519732433770762,11,13,6,6,-1,11,6,3
1519732433770762,-11,-12,-3,6,3,2,-1,1
1519732433779786,-5,-3,-14,-21,-5,-2,-10,-11
1519732433779786,-6,-12,-10,-10,-3,1,-2,-2
1519732433794826,26,35,9,19,2,-17,-4,9
1519732433794826,-4,0,28,15,14,9,6,-1
1519732433796831,-14,-10,-7,-1,10,11,0,-4
1519732433796831,24,21,3,-6,-27,-8,1,2
1519732433817887,-50,-49,-22,-4,0,-10,-11,-9
1519732433817887,46,34,0,-8,3,4,-1,11
1519732433818890,-11,-14,-6,-19,-15,-16,-9,-6
1519732433818890,-1,2,-14,2,22,-4,0,0
1519732433830922,3,1,18,7,-3,11,7,-2
1519732433830922,3,16,19,14,13,3,-4,-6
1519732433839953,-25,-16,-7,4,-2,-12,-5,-6
1519732433839953,-13,1,0,-3,-7,-14,-6,-1
1519732433854986,20,-3,-14,-16,-5,21,17,3
1519732433854986,26,19,-9,-5,5,11,-1,5
1519732433856997,-6,-6,-6,-7,-19,-12,-9,-7
1519732433856997,-8,-6,6,2,9,-13,2,-1
1519732433877044,-5,1,4,11,6,-3,0,1
1519732433877044,-17,-13,3,-6,-5,7,2,-5
1519732433879050,13,5,8,3,-5,-6,-3,3
1519732433879050,10,-1,-12,-4,7,14,-2,-1
1519732433891087,4,1,-24,-18,-9,-3,-4,-3
1519732433891087,-6,-10,2,4,-13,-6,-4,-1
1519732433900107,15,21,31,17,15,5,8,12
1519732433900107,-9,-22,-2,4,-4,-1,-5,-5
1519732433915146,0,8,-1,-8,-5,-3,1,-2
1519732433915146,-50,-40,-26,-13,-9,-8,-1,-9
1519732433916149,6,-3,-12,-8,0,2,6,0
1519732433916149,3,8,16,10,-18,11,-1,0
1519732433937204,8,-1,12,12,10,1,-4,2
1519732433937204,-9,0,1,4,20,8,7,1
1519732433939210,0,2,-6,5,-10,-10,-5,-3
1519732433939210,6,12,-12,-10,9,-3,3,5
1519732433951242,0,-20,-4,-13,-12,2,0,-4
1519732433951242,18,22,11,11,4,-7,0,4
1519732433960266,-18,-15,12,11,9,13,5,0
1519732433960266,16,6,-10,-7,-13,-9,-4,-4
1519732433975306,9,7,-7,-7,1,1,0,8
1519732433975306,-22,-8,-1,4,1,0,3,-5
1519732433976309,10,5,14,4,0,3,0,-4
1519732433976309,-1,-3,1,1,-7,-16,1,-1
1519732433997364,-22,-13,-7,-1,7,4,4,-5
1519732433997364,-7,-16,-3,-16,-25,-1,2,-7
1519732433999371,-7,3,-3,11,16,2,4,4
1519732433999371,1,7,2,1,-4,4,0,1
1519732434011402,16,0,-4,-5,-4,-7,-6,-2
1519732434011402,-22,-18,-3,0,-8,-10,-12,-7
1519732434020428,6,-1,-7,-4,-2,-1,-5,-3
1519732434020428,-27,-18,4,-5,-8,3,1,-1
1519732434042485,1,-3,-14,-9,2,0,1,-3
1519732434042485,21,22,7,4,8,1,-4,2
1519732434044491,-23,-16,0,-6,-6,2,2,-4
1519732434044491,52,45,-7,2,4,-5,-7,10
1519732434057531,1,-6,11,4,-3,-7,-8,7
1519732434057531,-9,-12,2,4,11,8,3,11
1519732434058528,5,1,-8,-9,-9,-7,-1,0
1519732434058528,-35,-45,-11,-7,-10,-2,2,-9
1519732434071562,25,32,8,2,11,25,2,-3
1519732434071562,-9,-10,3,11,26,-11,-12,-13
1519732434079583,1,-10,-10,-9,-30,-24,6,7
1519732434079583,-2,-4,-2,4,33,9,-9,0
1519732434094623,20,-2,-14,-13,-3,-6,1,-6
1519732434094623,-3,-1,-9,1,28,13,-19,-3
1519732434096629,-18,-2,-3,-3,8,21,14,-13
1519732434096629,9,11,12,2,-18,-9,1,-1
1519732434117685,-17,-10,3,9,3,-7,-1,-2
1519732434117685,10,23,6,-3,-34,-7,5,-1
1519732434118688,7,11,2,1,-5,-6,-4,-5
1519732434118688,4,3,-2,0,4,0,-2,10
1519732434130719,26,8,0,-8,-24,-5,-7,14
1519732434130719,-11,-10,-21,-5,-1,-7,-12,-8
1519732434140752,-23,-18,27,18,27,21,7,10
1519732434140752,5,10,-3,0,-5,-11,-5,-12
1519732434154783,20,39,19,12,-6,4,21,33
1519732434154783,-5,-18,-19,-9,-11,-32,1,0
1519732434156799,3,5,-10,-15,-7,-20,-15,11
1519732434156799,-11,3,4,7,19,13,5,-15
1519732434177845,-33,-27,-10,-5,-35,-30,5,-30
1519732434177845,-6,2,11,0,7,9,9,-14
1519732434178847,0,-3,-5,-1,1,6,-7,5
1519732434178847,21,17,-5,-2,-14,-13,1,10
1519732434190893,42,34,16,5,12,4,-22,-14
1519732434190893,-20,-29,-22,-9,-18,-1,1,4
1519732434199904,16,3,2,0,-3,-3,-2,4
1519732434199904,-20,-27,-4,-1,5,9,-3,7
1519732434214943,-23,-15,-3,0,5,-1,2,-10
1519732434214943,10,1,-2,-5,8,8,2,6
1519732434216948,-11,-18,-11,-2,-3,6,7,-6
1519732434216948,-28,-13,2,2,-8,-7,3,-13
1519732434237002,4,17,0,1,12,-3,-6,0
1519732434237002,-6,-11,9,5,-1,-7,8,4
1519732434239007,-2,1,-12,-8,-3,14,-1,-11
1519732434239007,-22,-19,-4,-15,-57,-19,9,-16
1519732434251039,-33,-18,-7,11,25,2,-9,2
1519732434251039,61,49,23,5,-1,10,-6,11
1519732434260064,11,-4,-3,1,-11,-20,-4,-10
1519732434260064,-10,-2,-5,-2,14,17,6,0
1519732434275104,-1,-4,-7,-9,-13,17,12,8
1519732434275104,-4,2,-6,-6,-8,-13,10,6
1519732434276111,9,11,4,1,-7,-7,-5,2
1519732434276111,-3,3,8,5,11,-3,-4,-15
1519732434297162,0,-5,-3,-7,1,25,7,-1
1519732434297162,0,5,1,9,7,-16,-11,12
1519732434299168,15,10,5,-1,-7,2,-3,5
1519732434299168,-21,0,-8,0,26,7,6,-1
1519732434311199,23,9,-1,-5,-16,-37,-21,-5
1519732434311199,-37,-25,6,4,6,40,17,-4
1519732434320224,38,29,-2,-4,-4,-17,-4,7
1519732434320224,1,-5,-4,-3,-11,2,-1,7
1519732434334260,-25,-24,4,5,32,-28,-16,-16
1519732434334260,2,4,-7,0,3,9,0,-6
1519732434341281,-18,-8,0,1,2,-8,-7,-10
1519732434341281,-2,-7,6,4,10,22,7,-6
1519732434357324,33,17,-1,6,2,0,1,11
1519732434357324,-10,-5,2,-7,-6,-10,-3,4
1519732434359333,-9,-4,1,-4,6,-8,-6,3
1519732434359333,16,0,-15,-8,2,0,-12,-8
1519732434371360,-33,-16,-4,2,-14,-1,7,-12
1519732434371360,23,25,26,9,-7,4,-4,4
1519732434380383,8,4,-1,3,3,12,-1,1
1519732434380383,-3,-7,-2,1,16,28,-10,3
1519732434394421,-22,-24,-16,-14,-24,-7,1,1
1519732434394421,26,28,7,6,-9,-23,-9,7
1519732434401439,-9,-3,4,4,-4,29,-1,-17
1519732434401439,-34,-29,-3,-2,-12,-8,11,1
1519732434417483,3,17,-14,-6,12,21,10,-3
1519732434417483,11,5,2,0,-31,-4,-4,-29
1519732434419493,2,8,20,7,8,-16,5,2
1519732434419493,3,2,-3,2,34,31,-26,-18
1519732434431520,-5,-16,-6,-9,-39,-55,-24,4
1519732434431520,-29,-17,-10,-3,-15,-13,9,17
1519732434440548,25,30,-12,-6,13,35,13,-13
1519732434440548,37,-3,7,-4,-3,-14,-10,4
1519732434454581,-28,-17,1,7,26,10,2,-4
1519732434454581,4,3,-4,-4,45,21,-4,-5
1519732434460606,-6,0,4,-1,-15,-3,-11,-10
1519732434460606,15,24,15,13,-20,-20,6,12
1519732434477642,11,17,1,-2,1,15,5,-1
1519732434477642,-20,-27,-17,-9,-2,0,3,10
1519732434478645,-24,-4,-14,-4,10,4,8,5
1519732434478645,4,-13,-7,-10,-5,2,-9,-4
1519732434490677,2,0,22,6,-4,-9,8,-18
1519732434490677,-13,-8,4,7,6,15,6,7
1519732434499701,45,26,-2,-6,-11,-19,-2,11
1519732434499701,-29,-17,-15,-7,2,-52,-12,3
1519732434513738,-20,-32,-24,-11,2,20,14,-15
1519732434513738,-7,-16,-2,-7,-20,-5,-5,-15
1519732434521759,-7,1,5,7,40,11,2,8
1519732434521759,-9,-3,-5,-3,-10,-8,3,2
1519732434537804,15,24,4,3,6,18,-1,5
1519732434537804,6,19,35,22,8,-2,2,2
1519732434538805,-7,-37,-13,-7,-25,-10,-16,-5
1519732434538805,30,34,6,0,1,5,7,5
1519732434559861,-11,-8,-10,-13,-1,-5,-4,3
1519732434559861,1,-5,-21,-9,-8,-9,-4,0
1519732434561866,-49,-26,4,9,-1,4,8,0
1519732434561866,35,29,7,-3,-22,-27,-3,7
1519732434573906,-24,1,8,5,0,-2,3,5
1519732434573906,33,15,-5,-12,2,12,-6,-5
1519732434580917,-7,-6,-10,-6,-9,-7,1,-9
1519732434580917,-8,-16,-9,1,0,-3,-6,1
1519732434596959,-7,-13,19,11,-11,-2,0,4
1519732434596959,-25,-19,-10,-5,8,15,2,-6
1519732434598965,14,5,-18,-12,-6,4,-6,-10
1519732434598965,2,-1,8,0,-1,-23,-4,-3
1519732434620021,-8,14,-5,10,35,17,-1,-5
1519732434620021,16,11,-3,-8,-6,-25,-10,8
1519732434623031,20,0,1,-6,-9,-1,-5,-1
1519732434623031,-14,-9,3,8,20,23,7,-4
1519732434634058,-20,-24,0,1,-12,5,7,-3
1519732434634058,-33,-12,-9,-2,9,-9,-9,-18
1519732434641079,-8,-3,1,0,-11,-10,-7,3
1519732434641079,-27,-20,4,4,43,20,11,2
1519732434657126,32,24,-11,-9,16,14,-5,8
1519732434657126,-9,-12,3,10,-7,13,9,3
1519732434659131,-30,-22,12,3,4,-16,2,5
1519732434659131,23,19,-12,-2,-18,7,-2,0
1519732434680181,-9,-14,21,-1,-13,1,1,5
1519732434680181,6,4,-26,-6,-8,-32,-5,0
1519732434681184,-2,18,15,13,45,20,-2,-5
1519732434681184,-48,-61,-10,-10,-20,7,5,-5
1519732434693216,27,20,-8,2,-13,-23,-6,9
1519732434693216,20,24,17,5,-1,10,10,7
1519732434702240,14,0,0,-8,-26,-25,-13,-1
1519732434702240,5,21,6,5,23,19,3,-4
1519732434717280,1,-11,-18,-11,6,-8,-7,-2
1519732434717280,-14,-11,3,2,0,6,10,3
1519732434719286,-2,7,11,7,23,13,2,-1
1519732434719286,31,19,-1,1,-9,5,4,7
1519732434740348,-7,-2,13,0,-7,-1,-6,-4
1519732434740348,10,4,-11,-3,2,14,1,-4
1519732434741345,-37,-24,-10,-1,6,12,-7,-7
1519732434741345,19,7,-10,-9,-29,-50,-7,2
1519732434753376,15,11,6,-3,2,6,2,3
1519732434753376,18,15,-3,6,2,1,1,2
1519732434762400,1,1,6,2,-7,4,4,7
1519732434762400,-17,-2,10,7,1,12,5,-2
1519732434777440,2,-1,-11,4,19,0,-3,-3
1519732434777440,15,21,12,-7,-14,1,-2,1
1519732434779445,-4,-10,-17,-4,-14,-10,3,-1
1519732434779445,19,5,-20,-20,-11,-10,-4,0
1519732434799499,-14,-1,25,17,15,23,11,4
1519732434799499,16,5,4,4,2,-6,-10,-3
1519732434801504,12,0,-3,3,-1,-8,5,5
1519732434801504,-24,-15,-10,-8,-5,4,1,-5
1519732434813536,11,8,-16,-14,-23,-17,-7,5
1519732434813536,-46,-28,-4,-2,26,9,3,-4
1519732434822561,51,35,6,-3,-13,-4,-2,9
1519732434822561,1,-1,0,7,7,9,-4,-3
1519732434837599,-16,-4,16,10,-16,-12,7,1
1519732434837599,13,3,-2,-4,9,-17,-6,-2
1519732434838602,-16,-22,-9,-4,-6,0,3,2
1519732434838602,-9,0,0,-3,19,-10,-9,-3
1519732434859661,-2,-5,-13,-7,-2,4,4,-3
1519732434859661,-9,-8,3,-3,-5,11,1,-1
1519732434861664,-14,8,9,6,-6,-4,4,0
1519732434861664,24,4,-3,0,-8,-10,-7,-4
1519732434873715,-2,-8,-8,-7,-9,-6,-8,0
1519732434873715,-4,-7,-9,-6,-3,5,4,0
1519732434889738,-15,-7,-15,-9,-4,-8,-5,-7
1519732434889738,8,14,12,11,6,18,12,7
1519732434897760,4,12,28,14,10,-2,3,5
1519732434897760,6,11,3,4,0,-4,-4,1
1519732434898762,-8,-12,-6,-5,3,9,0,-4
1519732434898762,5,2,-19,-16,-12,-7,-4,-28
1519732434919818,12,0,2,8,4,-7,-5,4
1519732434919818,-24,-14,8,3,-15,1,2,1
1519732434921825,-13,-10,14,4,-4,-19,-5,-4
1519732434921825,2,16,-12,-3,-4,-19,-4,3
1519732434933855,0,-6,-6,-8,1,20,0,-11
1519732434933855,10,-1,-2,10,4,-8,5,8
1519732434942881,11,1,-4,-7,-7,1,-1,3
1519732434942881,-7,-7,3,0,-9,-2,-2,9
1519732434956922,-2,-6,0,-2,-10,-9,-6,-3
1519732434956922,2,11,-7,3,-3,-7,-4,0
1519732434958923,14,11,4,1,-2,7,0,0
1519732434958923,5,15,22,14,7,39,25,16
1519732434979979,-6,-21,-21,-11,-3,-10,-2,-3
1519732434979979,-12,-14,-1,-8,-5,4,1,-1
1519732434981984,6,5,-9,-4,-12,-9,3,13
1519732434981984,-24,-9,15,6,7,7,1,3
1519732434994016,11,22,-3,1,-4,1,-2,4
1519732434994016,20,-4,-2,1,3,-5,-4,2
1519732435003040,-9,-6,5,3,-4,1,-2,-4
1519732435003040,-2,-1,-5,-1,5,4,0,-14
1519732435017078,-2,-8,-9,-4,6,0,-3,4
1519732435017078,-28,-11,3,-12,-4,-9,-4,-7
1519732435020085,22,16,-9,5,8,-3,-3,1
1519732435020085,-11,2,4,-1,-5,-7,-5,0
1519732435040141,-1,6,7,7,5,-9,-5,-6
1519732435040141,21,20,4,0,-12,16,3,-5
1519732435041152,-20,-20,-7,-6,0,-6,-3,-4
1519732435041152,10,7,1,1,-5,-9,-2,8
1519732435053173,3,7,1,2,16,15,4,10
1519732435053173,-27,-30,-7,-7,-4,-14,-5,-5
1519732435062198,19,13,-7,-2,-3,-5,-4,-4
1519732435062198,4,-4,0,-7,4,0,-5,-7
1519732435077237,-7,7,10,8,-10,-11,6,0
1519732435077237,-11,-6,12,7,9,2,1,-35
1519732435079243,0,2,-12,-7,-4,-2,1,-13
1519732435079243,-9,-13,-8,-4,-10,-12,-8,-2
1519732435100299,4,-2,-7,-7,-8,-4,-3,-3
1519732435100299,-6,0,-10,-7,-1,-2,1,0
1519732435101301,-25,-9,10,11,1,-3,3,-4
1519732435101301,33,34,21,13,17,14,7,17
1519732435113333,-14,-19,0,0,-1,-2,-5,-6
1519732435113333,29,13,-13,-6,-3,-7,-5,13
1519732435122357,0,0,-4,-11,-10,11,3,-1
1519732435122357,-16,-15,-4,0,8,-5,4,15
1519732435137398,-4,-2,5,5,3,5,-2,-7
1519732435137398,12,15,-4,-5,-3,1,-5,6
1519732435139403,10,-6,0,-2,-3,7,0,14
1519732435139403,-10,-5,0,0,1,14,15,-8
1519732435159456,4,7,6,8,13,-9,-20,38
1519732435159456,6,1,4,1,2,16,13,-7
1519732435161462,36,11,4,5,3,-3,-16,52
1519732435161462,-17,-21,-8,-2,-7,0,12,2
1519732435173498,-16,-2,-6,-7,-8,-1,4,-3
1519732435173498,28,5,2,3,5,-2,-10,44
1519732435182517,6,6,5,3,3,-3,-19,-3
1519732435182517,-15,-25,-1,2,-3,-26,-41,34
1519732435197557,31,13,-10,-9,-8,4,8,17
1519732435197557,-20,-8,1,3,6,-4,-14,-8
1519732435198560,-20,-8,-3,0,1,-2,7,-22
1519732435198560,3,3,4,4,2,13,2,-8
1519732435219616,-21,-9,4,0,-6,-2,3,-33
1519732435219616,-2,-3,-13,-10,-5,-1,-13,-18
1519732435222624,-11,-6,4,0,-3,-25,3,-19
1519732435222624,-29,-8,1,2,4,8,13,-43
1519732435233653,21,6,4,2,-1,7,12,44
1519732435233653,2,1,-9,-6,-4,-7,10,-12
1519732435242678,9,0,-7,-8,2,10,-16,6
1519732435242678,-6,-6,-11,-2,-8,-6,-3,-4
1519732435256722,0,3,19,7,-1,-7,0,-21
1519732435256722,2,1,6,5,2,3,-4,9
1519732435263733,-9,-2,-17,-14,-6,-10,8,-27
1519732435263733,-14,-12,-5,-5,-5,0,1,-20
1519732435279776,10,18,-11,-10,-5,-4,-9,-21
1519732435279776,-3,0,29,19,10,0,8,43
1519732435281781,-13,-5,0,5,9,10,8,5
1519732435281781,33,16,-8,-8,-6,-8,-10,-2
1519732435293814,-7,-10,-13,-9,-8,25,9,14
1519732435293814,-43,-38,-21,-7,-16,-15,3,-30
1519732435302837,38,38,12,4,7,5,-4,-11
1519732435302837,-3,-10,4,1,8,18,-6,-2
1519732435316874,3,-1,-4,-1,-3,-9,-1,-14
1519732435316874,23,17,10,4,2,7,-1,20
1519732435323902,-9,-4,12,12,1,1,-1,-9
1519732435323902,-9,-10,-11,-9,-12,-15,-11,-20
1519732435339941,1,-2,-6,-9,-1,-9,-17,1
1519732435339941,-28,-23,-23,-7,5,6,6,-15
1519732435341943,-7,6,8,3,1,-2,3,-5
1519732435341943,39,29,14,4,-4,-7,0,29
1519732435353973,-29,-20,-10,1,-1,-3,3,-12
1519732435353973,-8,-25,-7,-10,-3,1,-11,6
1519732435362998,-18,-14,-10,-2,-4,-16,3,5
1519732435362998,18,18,7,-1,-15,-19,-9,-4
1519732435377035,-10,-6,6,8,30,6,11,-3
1519732435377035,14,8,-7,-2,1,14,-13,-13
1519732435384053,-3,-3,-5,-1,1,11,6,13
1519732435384053,2,-3,1,0,-6,-2,-4,-1
1519732435400097,26,19,15,7,0,0,3,20
1519732435400097,-9,-3,-2,2,2,-8,-1,-7
1519732435401099,0,-11,-3,-6,-1,0,-2,3
1519732435401099,-13,0,-10,-4,-1,3,18,-1
1519732435413131,-17,-20,-4,0,-3,3,1,-14
1519732435413131,15,15,16,9,13,9,-1,29
1519732435422155,-3,-7,-16,-4,-12,-8,1,10
1519732435422155,-8,-9,1,1,8,0,13,-1
1519732435437195,-1,7,5,-4,-6,26,6,-15
1519732435437195,-9,-2,0,7,0,-6,4,-14
1519732435443216,10,2,0,-11,-3,-4,4,-28
1519732435443216,-11,-14,-17,2,-3,2,-8,9
1519732435460256,1,-3,1,-3,-4,1,0,-1
1519732435460256,23,37,23,0,-6,-9,2,-2
1519732435461259,-22,-21,-7,2,-5,-6,-4,7
1519732435461259,2,1,2,-4,7,1,2,-4
1519732435474297,-24,-23,-16,-13,-6,-12,-17,-5
1519732435474297,9,4,-16,-5,-10,-4,-2,8
1519732435482315,24,18,17,6,0,-5,-7,-1
1519732435482315,3,6,7,6,29,19,-1,5
1519732435496352,-3,2,0,2,-5,2,5,-3
1519732435496352,-17,-10,-3,-9,-13,-31,-3,-15
1519732435503371,-4,-5,-7,-1,-5,-3,0,4
1519732435503371,7,0,-14,-9,-5,20,13,13
1519732435520416,3,9,15,10,1,-8,-4,-7
1519732435520416,1,1,-3,-3,5,16,8,-1
1519732435521419,0,1,2,-2,-2,-2,-3,2
1519732435521419,-3,3,5,4,-5,-8,1,-11
1519732435542476,-5,-15,-23,-14,-4,-11,-6,-3
1519732435542476,-9,-8,-3,0,-5,6,2,-7
1519732435544481,22,15,2,3,6,2,5,7
1519732435544481,-1,1,8,-2,-9,-11,-13,3
1519732435556518,1,12,3,5,6,-6,2,2
1519732435556518,-3,-12,-12,-3,1,-7,-4,0
1519732435563532,0,9,-3,-2,0,7,-3,-2
1519732435563532,3,-5,13,1,-2,-6,-6,0
1519732435579573,-7,-6,-8,8,-5,-6,-1,1
1519732435579573,-8,1,11,4,5,6,7,4
1519732435581579,-5,-7,-3,-2,2,0,-2,-15
1519732435581579,-10,-6,-5,-3,-8,-6,-1,-2
1519732435603637,13,7,-7,-10,-12,-11,-6,-2
1519732435603637,3,-1,-17,-5,0,-8,-11,-7
1519732435605643,-10,-5,5,1,13,17,3,0
1519732435605643,-6,-3,12,3,-1,-7,-1,5
1519732435616672,-7,-9,-12,-9,-4,7,0,-6
1519732435616672,15,5,-6,-8,-7,-7,2,-8
1519732435624697,-4,1,9,8,-1,6,3,8
1519732435624697,1,-2,-2,8,3,-9,-7,-9
1519732435639744,-10,2,16,2,-5,2,4,1
1519732435639744,-21,-6,-1,5,6,12,5,-3
1519732435641741,30,12,-2,-5,4,-5,-6,3
1519732435641741,0,-1,-7,-1,-5,8,6,4
1519732435662795,0,-5,-4,-2,1,-1,-3,-1
1519732435662795,4,1,-13,-12,-9,-10,-4,-4
1519732435663797,-13,0,10,8,8,2,3,7
1519732435663797,7,10,16,4,6,-2,-3,5
1519732435675830,11,7,-2,9,4,-3,-4,-4
1519732435675830,-8,-7,4,-12,-19,-3,-2,-9
1519732435684854,-35,-20,0,4,6,1,0,-4
1519732435684854,43,23,-12,-17,-7,-6,-2,5
1519732435699895,2,0,-2,8,-8,-8,-2,-2
1519732435699895,0,-2,-3,-4,2,0,-2,2
1519732435701899,-17,-8,4,8,0,2,-1,-6
1519732435701899,-5,7,13,7,4,2,2,0
1519732435722960,-21,-20,3,-4,3,4,2,-1
1519732435722960,55,29,-4,-2,-5,-7,-7,0
1519732435723965,-9,-16,-25,-17,-20,-8,-3,-6
1519732435723965,-17,-7,-5,-1,7,-2,-4,-5
1519732435735990,-1,7,12,1,13,11,6,4
1519732435735990,-20,-12,7,17,1,1,1,-5
1519732435745014,5,-1,-3,-13,-3,-4,-1,0
1519732435745014,-8,-8,-20,-4,-12,-2,-2,1
1519732435760054,7,11,9,-2,1,-1,-1,2
1519732435760054,-15,-11,16,13,7,4,1,-3
1519732435762062,13,7,-1,-12,7,3,-2,-1
1519732435762062,-28,-20,-29,2,-12,-7,-7,-10
1519732435782112,23,13,17,11,7,-2,0,5
1519732435782112,7,12,21,-2,-2,3,2,-1
1519732435784118,-5,-6,-10,-10,-7,-2,-3,0
1519732435784118,-12,-19,-9,-8,3,0,-3,-6
1519732435796149,-7,-1,-14,-1,2,2,-1,1
1519732435796149,-28,-7,19,12,-2,-2,2,-6
1519732435806181,36,22,10,10,-1,-3,-2,4
1519732435806181,6,4,4,-5,3,1,0,1
1519732435820213,-14,-20,-30,-18,-11,-5,-5,-9
1519732435820213,-2,0,-11,-5,7,0,1,2
1519732435823228,-6,7,28,13,7,2,3,1
1519732435823228,5,2,1,0,-4,-3,-3,-2
1519732435842277,-3,-3,2,1,-7,-1,-1,-2
1519732435842277,-8,-16,-33,-21,-4,-6,-4,-2
1519732435844278,-8,-4,-18,0,-4,-3,0,-4
1519732435844278,2,20,52,23,10,8,5,4
1519732435856319,25,11,12,7,6,2,-1,4
1519732435856319,2,-6,-9,-5,-1,-4,-3,-1
1519732435865334,-4,-14,-25,-12,-16,-3,-4,-3
1519732435865334,-10,-3,-24,-9,5,1,0,-1
1519732435880373,3,12,25,0,0,0,2,2
1519732435880373,8,4,-3,6,8,0,-3,-3
1519732435881377,-26,-4,14,7,4,4,3,0
1519732435881377,13,-8,-14,-3,-4,-8,-2,1
1519732435902432,12,6,-2,-9,-5,-3,-3,3
1519732435902432,27,24,2,-4,-5,2,3,7
1519732435905440,-32,-37,-8,5,15,6,-5,-12
1519732435905440,15,14,-2,-8,-3,-3,-2,4
1519732435916470,7,11,-1,10,3,3,3,5
1519732435916470,-27,-15,9,-6,-10,-3,-2,-8
1519732435925494,13,5,-9,-2,-6,-5,1,5
1519732435925494,-9,-4,23,12,-3,0,2,-1
1519732435939533,-7,-7,-21,-14,-8,-7,-5,-3
1519732435939533,-6,1,1,-2,2,6,4,1
1519732435941537,-15,-12,-7,-2,8,-3,-3,-6
1519732435941537,2,-11,-13,-7,0,1,-2,-2
1519732435962592,22,9,-15,-5,-11,-8,-5,-2
1519732435962592,-10,-3,20,5,0,0,-2,-1
1519732435963595,-14,5,9,7,1,2,3,0
1519732435963595,7,-5,-9,-16,-11,-5,-3,-1
1519732435975627,-20,-13,-1,4,6,2,1,-1
1519732435975627,19,14,-12,-6,-7,-3,-1,-1
1519732435984651,-5,-15,-4,-3,9,3,-2,0
1519732435984651,-17,2,10,8,7,-1,3,-1
1519732435999691,14,0,-2,0,-5,0,-2,0
1519732435999691,-16,-16,-10,0,-3,5,4,-4
1519732436001700,14,13,6,-8,-12,-3,-2,2
1519732436001700,-2,-7,-18,-16,-15,-8,-5,-11
1519732436022758,-11,-4,5,12,20,2,0,6
1519732436022758,27,7,13,14,8,-1,-2,4
1519732436024759,-5,-2,1,-1,-9,1,4,-1
1519732436024759,-21,-11,0,-1,-2,6,3,-1
1519732436035787,42,32,-5,-8,-8,-2,5,5
1519732436035787,-14,-16,-6,-7,-3,-3,-7,-5
1519732436044811,14,14,1,2,1,0,2,7
1519732436044811,-12,4,-5,5,6,-1,-2,0
1519732436059851,12,9,12,-4,-5,0,0,1
1519732436059851,-4,-5,4,9,14,2,-2,-7
1519732436061857,29,21,3,-1,-2,-4,-7,-5
1519732436061857,-2,-9,2,2,-1,1,2,1
1519732436082912,-28,1,5,6,5,7,7,3
1519732436082912,15,1,-8,-20,-15,-7,-2,-12
1519732436083916,-5,-9,0,12,7,-2,-9,1
1519732436083916,6,12,6,8,5,8,4,4
1519732436095947,6,-3,-8,-6,-5,-2,-7,-3
1519732436095947,-13,-11,-9,-4,-3,0,1,0
1519732436104971,16,15,1,-6,-10,-5,2,2
1519732436104971,4,4,7,5,15,3,3,1
1519732436120011,-28,-20,3,5,7,12,-8,-3
1519732436120011,20,12,-5,-4,-8,-20,0,3
1519732436123023,-10,-14,-5,-6,-8,-2,0,14
1519732436123023,19,8,-8,-5,-2,0,-1,4
1519732436142072,-28,-30,3,1,1,-2,9,2
1519732436142072,5,25,4,6,7,2,-3,-1
1519732436144075,4,5,4,2,0,-4,-1,-11
1519732436144075,-18,-19,-4,-4,-11,-4,1,-14
1519732436156112,-29,-25,-12,-7,-1,0,-4,-13
1519732436156112,-1,-3,-2,-3,-4,-1,0,5
1519732436165131,22,8,-3,-3,-3,-4,0,1
1519732436165131,-14,-2,2,4,1,4,1,1
1519732436179168,36,12,-3,-5,-6,-13,-11,-17
1519732436179168,-27,-19,-3,1,6,7,3,-2
1519732436186187,-28,-11,-9,-16,-19,14,11,-11
1519732436186187,18,-3,-1,17,41,-6,-8,2
1519732436202230,-11,7,23,17,4,5,5,-2
1519732436202230,15,7,-6,-10,-23,-22,-11,-2
1519732436205238,-6,-11,-8,-1,8,5,-2,-1
1519732436205238,-10,-4,-8,-11,-11,2,4,-2
1519732436216267,8,8,-3,-3,-1,4,3,16
1519732436216267,-26,2,15,14,13,10,8,4
1519732436225292,35,13,-11,-2,0,-10,-14,14
1519732436225292,3,0,4,-10,-10,1,-2,-2
1519732436239331,-1,-5,-2,-2,-14,-2,1,-3
1519732436239331,-14,2,12,16,28,5,0,8
1519732436246347,-16,-12,-14,-8,0,-1,-2,-6
1519732436246347,16,9,0,-5,-8,4,-1,3
1519732436262390,10,9,0,2,-4,-1,-5,3
1519732436262390,16,-4,-7,-5,-9,-15,-7,-4
1519732436264395,-21,-19,-2,1,-4,-4,8,-22
1519732436264395,2,-3,-16,-10,-7,-7,-6,-3
1519732436276428,-28,-9,23,7,7,7,2,-4
1519732436276428,9,3,-11,-8,-5,9,8,14
1519732436285452,6,2,8,11,12,3,0,19
1519732436285452,16,18,3,-6,-31,-17,-3,6
1519732436299489,10,3,-18,-16,11,0,6,0
1519732436299489,-6,-15,-1,8,26,2,0,5
1519732436306512,2,18,5,-2,5,6,2,8
1519732436306512,-7,-8,-1,2,-6,-3,-1,-6
1519732436322554,-2,1,-3,-2,-6,0,-5,3
1519732436322554,-6,3,5,2,-8,4,12,3
1519732436324556,-1,-3,-13,-9,5,2,-9,-12
1519732436324556,8,10,15,19,16,5,-2,5
1519732436336588,-1,-4,-12,-7,-4,-11,-2,-10
1519732436336588,1,-7,5,-2,-10,8,5,-5
1519732436344608,-14,-8,0,1,-6,-6,-5,-6
1519732436344608,-4,1,0,-6,-6,4,2,-3
1519732436359648,5,-10,-14,-11,-18,-19,-8,24
1519732436359648,-11,-3,-2,2,27,18,-1,-11
1519732436365664,-2,-2,5,3,-7,-5,7,11
1519732436365664,12,8,1,8,16,9,-2,8
1519732436382710,-21,-6,12,0,-4,5,6,-21
1519732436382710,7,5,-7,-1,-16,-21,-13,-3
1519732436383714,-5,-5,-4,-11,-2,-15,-9,-5
1519732436383714,-7,-11,-15,-8,1,0,6,-6
1519732436395747,22,30,8,4,-7,-1,-9,3
1519732436395747,10,13,12,10,1,4,3,3
1519732436406779,-41,-37,0,4,18,11,1,-10
1519732436406779,-10,2,-9,-9,-14,-6,1,-13
1519732436418807,-3,-4,-6,0,6,1,-5,-6
1519732436418807,-4,-15,-9,-13,-22,0,9,28
1519732436425826,12,15,2,1,-8,-7,-3,6
1519732436425826,-10,-7,13,4,6,-2,-6,0
1519732436442870,-24,-11,-6,4,-5,9,1,-11
1519732436442870,34,32,22,9,11,-4,-7,8
1519732436443873,4,5,4,4,-6,-15,-7,-3
1519732436443873,-10,-14,-15,-2,-2,2,1,0
1519732436464928,14,8,-10,-15,10,-18,-17,-5
1519732436464928,-14,-18,-19,-9,-6,14,1,-8
1519732436466934,-26,-15,18,11,8,9,7,-6
1519732436466934,53,40,6,-4,-25,-24,-11,9
1519732436478966,-1,-10,-9,-4,2,13,10,4
1519732436478966,-9,-11,-5,-6,8,-14,-13,-13
1519732436485985,2,10,-14,4,2,4,1,-4
1519732436485985,-31,-20,15,5,-2,12,8,-4
1519732436502036,-9,0,8,8,1,-12,-3,-5
1519732436502036,7,-5,8,0,-3,0,4,3
1519732436505035,33,37,-20,-15,-13,6,1,3
1519732436505035,-17,-22,-4,-1,3,-13,-7,-5
1519732436525093,14,7,4,0,2,-1,-1,1
1519732436525093,-15,-8,21,9,2,6,1,-4
1519732436527094,-6,2,-4,-12,-7,-11,1,-12
1519732436527094,10,11,-3,10,10,9,3,5
1519732436539126,-18,-12,8,2,-5,-3,3,-1
1519732436539126,-5,-8,-13,-7,-16,7,6,-3
1519732436546145,-1,-12,-11,-8,4,-10,-7,-4
1519732436546145,-5,-2,-5,-7,-4,9,-6,-5
1519732436562187,-8,-4,11,0,13,10,16,7
1519732436562187,4,5,-22,0,-22,-22,-11,-14
1519732436564193,-3,-8,18,-4,-13,0,5,4
1519732436564193,5,-4,-12,-15,3,-1,-6,-1
1519732436585248,5,2,-10,8,4,-6,-4,-2
1519732436585248,-4,10,34,5,8,-1,-2,0
1519732436586251,-14,-7,0,21,9,18,9,3
1519732436586251,12,6,9,-3,-8,-13,-7,-2
1519732436598283,1,-2,-12,-5,-1,0,-1,-3
1519732436598283,-11,-17,-26,-14,-5,1,-1,-5
1519732436608311,4,2,-6,-3,-11,-11,-6,-1
1519732436608311,-11,3,20,10,7,5,10,-3
1519732436621345,-7,-1,4,-4,-2,-8,-12,-4
1519732436621345,29,27,-5,9,-2,-6,1,4
1519732436630369,13,0,-1,-5,4,-7,-6,6
1519732436630369,-5,-2,9,-1,2,5,2,0
1519732436645408,-7,-11,-14,0,-12,-15,2,-2
1519732436645408,-10,0,18,-1,16,9,-6,-4
1519732436646411,-7,-14,-19,-1,-8,-7,2,1
1519732436646411,16,8,-7,-5,-5,-12,-6,0
1519732436658447,2,4,17,1,8,8,-5,-10
1519732436658447,-10,-12,-26,-9,-12,-3,1,-1
1519732436667468,1,5,1,2,2,1,1,2
1519732436667468,-8,-5,19,4,18,14,5,3
1519732436682508,0,-7,-5,-7,-11,-4,-4,-1
1519732436682508,0,-2,-12,-2,4,-5,-4,-1
1519732436684513,-7,-5,3,2,5,8,-2,-2
1519732436684513,4,8,11,8,-8,3,6,7
1519732436704566,7,0,-5,-8,5,11,-4,-2
1519732436704566,-16,-11,-12,7,2,-9,11,1
1519732436707576,32,20,27,1,-7,7,1,3
1519732436707576,-15,-18,-9,-2,3,-11,-13,-2
1519732436718603,6,3,-22,-10,-11,-5,-1,-4
1519732436718603,-13,-6,-5,-3,2,8,1,0
1519732436728630,-6,4,31,9,10,1,0,-3
1519732436728630,10,0,-20,-10,-15,2,1,2
1519732436742667,4,1,0,6,-1,0,3,3
1519732436742667,-7,6,15,6,3,-3,-8,-7
1519732436743670,-6,1,7,8,4,2,5,2
1519732436743670,8,-1,-14,-16,-14,-13,-6,-2
1519732436764726,0,-6,-15,-9,-8,-6,-6,-8
1519732436764726,10,6,5,-5,-5,4,1,2
1519732436766732,8,5,-10,-11,-12,-3,-5,0
1519732436766732,-18,-4,-4,2,-4,5,4,-4
1519732436778764,-3,4,18,20,22,0,7,7
1519732436778764,1,8,19,10,12,4,1,0
1519732436787788,-2,-20,-25,-15,-5,-3,-9,-7
1519732436787788,-7,-3,-7,-5,-15,-2,3,0
1519732436802827,9,5,-4,-4,6,0,0,1
1519732436802827,-20,-13,-5,-10,-6,1,-2,-2
1519732436803830,-1,4,14,10,0,10,6,1
1519732436803830,0,4,-10,3,7,-11,-3,-4
1519732436824896,-25,-16,11,9,8,0,9,4
1519732436824896,39,12,-20,-16,-5,7,-3,0
1519732436826892,10,8,-5,-4,-3,-4,-4,-3
1519732436826892,7,11,17,13,-5,2,3,0
1519732436838924,-19,-9,17,7,4,4,0,-2
1519732436838924,-9,-3,-10,3,9,0,0,-2
1519732436847948,13,6,-12,-16,-8,-6,-2,2
1519732436847948,-8,-11,-6,-3,9,9,-3,-8
1519732436861985,-18,-10,-26,-5,-10,-2,-1,-2
1519732436861985,36,33,37,-1,-19,0,3,8
1519732436863990,1,0,8,16,23,3,-1,-3
1519732436863990,-3,-6,-1,3,11,-2,2,1
1519732436885046,2,1,-13,-11,-9,0,-7,-3
1519732436885046,-36,-40,-17,-12,-11,-6,-1,-8
1519732436887051,1,15,-11,-6,-13,-2,2,0
1519732436887051,19,16,21,19,23,5,1,3
1519732436899083,22,12,7,-1,-8,-5,-4,1
1519732436899083,-18,-11,-8,1,-2,1,0,-3
1519732436908111,-5,-3,12,2,7,-1,1,1
1519732436908111,-14,-11,-17,-12,-16,-4,-2,-6
1519732436923154,-9,-5,-2,0,-6,0,-2,-5
1519732436923154,14,9,-3,-1,3,-4,-1,2
1519732436924151,-5,-6,5,2,2,2,0,2
1519732436924151,16,3,-4,-1,-2,-1,-4,2
1519732436945206,14,15,14,-3,-1,0,1,4
1519732436945206,4,0,-7,4,8,0,-3,1
1519732436946209,-2,-8,2,-3,-9,-3,0,0
1519732436946209,-18,-10,2,5,4,-1,-2,-3
1519732436958246,-10,-12,-20,-11,-6,4,5,1
1519732436958246,16,15,14,2,9,-5,-4,-1
1519732436967265,-9,-4,12,18,12,-2,1,1
1519732436967265,-8,-10,-2,-10,1,-1,-4,-5
1519732436982305,10,-4,-18,-1,-6,1,-4,-1
1519732436982305,-10,-6,-11,-9,-12,-7,-4,-2
1519732436984311,-3,7,16,3,3,2,-1,0
1519732436984311,-11,-11,-8,-12,-6,-1,2,-2
1519732437005366,-12,-6,-4,4,3,4,2,0
1519732437005366,10,6,-9,2,8,0,-2,1
1519732437007373,5,-1,6,-1,-7,-2,-3,-2
1519732437007373,15,13,-1,2,-3,2,1,2
1519732437018401,-1,10,8,4,13,0,0,2
1519732437018401,-13,-9,-4,-3,-14,-2,1,-1
1519732437027425,-7,-8,-5,-2,-10,-9,-3,-3
1519732437027425,1,7,0,7,-2,0,0,2
1519732437042465,5,6,9,12,5,-4,-3,-3
1519732437042465,-13,-13,-2,-2,8,-1,4,3
1519732437044471,-9,-4,-17,-13,-4,2,1,4
1519732437044471,63,36,-1,-10,-16,-13,-11,-2
1519732437064523,-21,-22,3,-2,-3,-3,-2,-2
1519732437064523,5,-3,-1,-1,-4,1,0,0
1519732437066529,-21,-6,7,3,-7,4,5,6
1519732437066529,-27,-16,-2,6,8,4,0,-6
1519732437078561,11,6,-5,-8,-1,-2,-1,2
1519732437078561,-32,-19,11,5,-4,2,1,-6
1519732437087586,28,27,-4,-6,-7,-3,-2,5
1519732437087586,-2,-8,-1,0,-1,0,-5,-5
1519732437102625,0,-2,1,5,-20,2,-2,6
1519732437102625,1,3,-4,-13,-6,-16,-1,-2
1519732437104630,-21,-13,-4,3,12,5,6,-1
1519732437104630,-31,-25,-9,-3,3,2,2,-3
1519732437124694,21,18,5,-8,-4,-2,-9,-1
1519732437124694,0,-1,2,4,-5,3,-11,-5
1519732437126690,20,10,-9,-4,1,-4,-4,-4
1519732437126690,-30,-19,2,2,2,2,2,1
1519732437138725,27,15,4,-7,1,0,1,-13
1519732437138725,8,7,1,4,-1,-1,2,-2
1519732437147745,-26,-23,-7,-1,0,-1,-11,-2
1519732437147745,36,33,-4,-8,0,3,2,2
1519732437161782,-11,-13,6,9,5,-1,2,1
1519732437161782,-8,2,4,4,6,7,10,-3
1519732437168801,-1,-10,-3,2,-1,-4,-1,0
1519732437168801,-19,-7,-1,-4,-14,2,-2,-37
1519732437184844,-8,-13,-4,-1,5,-6,-8,36
1519732437184844,25,16,-13,-8,-8,-3,4,-2
1519732437186849,-22,-26,4,5,10,3,3,3
1519732437186849,27,30,-1,-4,-4,-4,-2,0
1519732437198881,-19,-11,1,0,6,1,3,-12
1519732437198881,-15,-2,0,-4,-1,3,0,-9
1519732437207909,14,-3,-8,0,-3,-2,-4,-8
1519732437207909,-26,-21,2,7,11,0,-1,36
1519732437221942,5,7,-2,-8,-8,-4,2,-10
1519732437221942,9,1,7,4,2,6,0,26
1519732437228961,28,30,-4,-5,-1,-1,3,5
1519732437228961,-19,-23,-6,-3,-1,-4,-2,-5
1519732437245003,-12,-5,0,2,-2,-5,7,-17
1519732437245003,-19,-16,-8,-3,2,4,-12,-15
1519732437247009,-16,-6,8,1,0,5,8,-5
1519732437247009,0,3,0,0,-3,-2,-3,4
1519732437259041,-3,-16,-7,-4,-8,-3,3,3
1519732437259041,5,-6,-9,-7,3,-3,-1,-3
1519732437268065,4,8,10,13,9,-10,0,-2
1519732437268065,3,11,5,4,4,5,9,7
1519732437282102,-18,-19,-2,1,-4,4,-9,4
1519732437282102,36,18,-5,-12,-17,-4,-4,5
1519732437289123,-35,-31,-16,-9,5,-7,-12,-16
1519732437289123,26,17,-7,4,-17,-8,7,2
1519732437305163,-2,10,23,13,52,12,-5,1
1519732437305163,-17,-8,10,9,-2,5,1,2
1519732437308175,12,12,1,-2,-11,-10,-7,-4
1519732437308175,14,6,-12,-9,4,16,-4,-4
1519732437318198,7,9,-17,-13,-20,-2,4,-7
1519732437318198,-10,-16,1,3,5,-2,-11,10
1519732437327225,13,7,-4,-4,4,-5,-3,1
1519732437327225,-7,1,1,5,6,-3,0,27
1519732437342263,6,5,13,13,-1,10,-4,4
1519732437342263,-43,-29,11,3,3,0,7,-5
1519732437348279,47,39,-17,-14,-28,10,1,4
1519732437348279,-2,-14,2,-2,13,-22,-6,-1
1519732437365324,21,22,8,5,15,8,2,6
1519732437365324,-16,-14,1,9,2,-3,2,-6
1519732437366326,-9,-12,-6,-8,-7,17,10,-3
1519732437366326,-18,-10,-20,-12,-23,-9,-8,-14
1519732437387382,3,4,-3,-2,-7,4,7,-15
1519732437387382,25,25,23,10,14,-4,-1,8
1519732437389394,3,-2,6,7,-2,-19,-30,16
1519732437389394,-9,-12,2,-6,3,29,15,-1
1519732437401419,-5,-8,-29,-10,-16,-17,-5,-5
1519732437401419,-8,-7,2,1,-3,3,5,14
1519732437408439,53,37,5,-4,1,20,3,-12
1519732437408439,-19,-9,6,4,11,-4,3,1
1519732437424482,3,-8,-15,-9,-22,-15,-7,-1
1519732437424482,-4,5,-1,0,4,-14,-10,-38
1519732437426487,-25,-10,7,7,12,12,14,6
1519732437426487,6,2,6,3,-3,15,-7,1
1519732437447543,3,0,-10,-10,-22,-30,-6,-1
1519732437447543,-4,-1,-30,-9,12,19,13,-7
1519732437448545,19,17,30,11,6,-9,2,10
1519732437448545,5,6,12,7,2,-1,-6,-14
1519732437461580,-9,-3,5,1,2,-6,1,7
1519732437461580,1,-9,-22,-14,-15,-22,6,5
1519732437470604,-29,-24,-22,-12,4,20,2,3
1519732437470604,9,12,2,2,-7,12,15,7
1519732437484643,11,9,21,4,-2,-11,-3,-1
1519732437484643,6,4,-4,3,-6,-16,-8,1
1519732437486647,-34,-32,-3,3,1,-5,2,-5
1519732437486647,24,21,-9,-8,-4,-16,-4,-9
1519732437507704,-29,-33,-4,0,1,14,7,-7
1519732437507704,67,53,7,-2,-4,15,-4,9
1519732437509708,-29,-27,-2,-1,2,-17,7,-6
1519732437509708,-12,-19,2,3,1,-13,-8,2
1519732437520738,5,10,-4,0,0,11,-10,-5
1519732437520738,-4,-3,-2,-5,3,-1,-3,1
1519732437529761,-1,0,2,3,6,53,12,2
1519732437529761,-1,5,8,-4,-15,-67,-26,1
1519732437544801,16,8,0,1,13,18,3,12
1519732437544801,-18,-15,-5,-4,-8,-6,-6,-5
1519732437546806,8,8,-14,-6,-4,-6,-5,-8
1519732437546806,-10,-7,6,-1,6,24,7,-1
1519732437567862,-5,-5,-2,-5,-13,-22,-2,-2
1519732437567862,-50,-40,5,12,7,19,4,-6
1519732437568865,52,30,4,-7,-9,-20,-11,10
1519732437568865,-7,-4,-10,-7,2,4,-3,-6
1519732437581900,6,7,7,6,8,-1,4,4
1519732437581900,-4,-4,-3,0,-11,10,9,2
1519732437588920,-31,-19,-12,-9,-7,3,-2,-9
1519732437588920,23,22,8,9,7,2,8,4
1519732437605970,-15,-8,4,2,-3,7,1,-6
1519732437605970,6,13,12,6,-4,-6,-2,-1
1519732437607978,-1,-4,-5,2,3,-4,1,-2
1519732437607978,-3,-6,-19,-7,-14,1,-3,-2
1519732437627020,4,10,7,12,13,21,7,-1
1519732437627020,10,8,10,2,11,-12,0,-1
1519732437629025,-20,-11,-4,-2,-3,-1,5,-1
1519732437629025,-10,-10,-15,-13,-14,6,3,-4
1519732437642060,32,22,2,-3,-12,-5,-3,2
1519732437642060,11,4,-2,-3,-3,7,1,10
1519732437649078,-1,4,2,-5,-10,-23,-10,-9
1519732437649078,-15,-14,8,6,2,29,21,3
1519732437665122,-16,-5,-10,-1,13,2,-5,-3
1519732437665122,-2,-3,-6,-7,-9,-5,-3,-4
1519732437666124,10,9,-2,-4,-6,-9,-5,-3
1519732437666124,-3,-5,6,6,-1,-2,-2,1
1519732437687180,-2,3,2,-6,3,0,2,0
1519732437687180,-2,0,-1,-8,-1,-3,-6,-5
1519732437689193,-8,-7,-15,5,10,-6,-4,-1
1519732437689193,-15,-20,2,-6,-3,-1,-3,-7
1519732437702220,13,13,-8,0,-5,-3,0,3
1519732437702220,9,10,8,-1,1,-3,-6,-1
1519732437708241,-2,-1,4,12,-6,2,2,0
1519732437708241,8,6,-4,-1,15,-1,-4,3
1519732437725282,-18,-10,8,-4,-12,-18,-5,0
1519732437725282,-19,-15,-11,3,0,8,0,-8
1519732437726286,27,13,-1,-7,-8,-4,-3,3
1519732437726286,-5,-7,0,6,16,-21,-3,1
1519732437747340,-14,-15,-12,-11,0,-2,0,-3
1519732437747340,2,2,-10,-1,-3,-5,1,2
1519732437749345,-5,-1,28,6,11,1,0,-1
1519732437749345,4,7,3,7,5,10,-1,0
1519732437761377,-2,-6,-13,-10,2,6,-3,-4
1519732437761377,4,7,-2,-7,-7,-8,-2,-3
1519732437768396,-18,-5,-6,8,12,0,-2,-4
1519732437768396,9,3,5,-4,4,-6,-5,1
1519732437784438,3,1,3,6,-1,0,-1,-2
1519732437784438,1,0,-3,-2,-2,4,0,2
1519732437786444,-3,-7,-3,-2,-5,-4,0,-3
1519732437786444,-9,-3,-5,-2,-5,0,-2,-3
1519732437807501,-17,-4,3,1,-1,2,1,-3
1519732437807501,46,20,-9,-4,1,-4,-2,7
1519732437809507,-7,-1,15,5,-2,1,2,-1
1519732437809507,-5,-3,8,12,4,0,0,0
1519732437821537,-14,-11,-17,-8,-7,-2,-1,-5
1519732437821537,-11,-8,11,4,6,3,-1,-3
1519732437830561,8,5,-16,-6,-1,-1,4,5
1519732437830561,-18,-14,-2,-2,6,3,-2,-9
1519732437844598,26,14,10,5,-23,-9,-4,4
1519732437844598,0,8,0,3,7,3,1,-1
1519732437846604,-3,-8,-12,-12,-16,-5,-2,-4
1519732437846604,-13,-19,-17,-10,-12,-4,-5,-3
1519732437867660,6,10,10,4,6,3,2,0
1519732437867660,0,4,9,5,1,-1,-1,0
1519732437868664,-6,-7,1,-1,-1,-2,-2,2
1519732437868664,5,11,-8,-6,-6,0,-3,-1
1519732437880695,-9,-26,-16,-18,-1,-1,-4,-5
1519732437880695,9,9,-9,4,-2,-4,-6,-5
1519732437889725,-16,-6,12,5,1,1,2,-3
1519732437889725,8,7,10,4,-2,3,3,2
1519732437905771,-6,-2,2,6,14,-1,2,2
1519732437905771,-13,-2,2,4,7,0,3,-1
1519732437907774,-10,-8,-10,-14,-15,-1,0,-3
1519732437907774,20,7,-2,7,4,-2,-5,1
1519732437927820,14,13,8,15,-7,-3,-1,-2
1519732437927820,-2,-6,-1,-13,-1,3,3,2
1519732437928823,-6,-10,-3,6,2,-2,-2,-7
1519732437928823,-13,-6,7,-12,-6,0,2,0
1519732437940856,-13,-12,-7,0,2,3,2,0
1519732437940856,19,12,-4,-12,-9,-7,-5,-3
1519732437949879,6,-1,3,6,-3,-3,0,1
1519732437949879,-4,6,3,4,7,1,2,-1
1519732437963916,-8,-11,2,-1,1,3,1,-2
1519732437963916,2,-8,-6,-6,-6,-3,0,2
1519732437970935,6,3,-12,-16,1,0,-3,-1
1519732437970935,14,16,3,7,-1,-3,0,4
1519732437987980,-9,-3,10,1,2,3,1,1
1519732437987980,-2,-4,-4,2,8,-1,-2,-6
1519732437988984,-2,-2,2,15,4,-7,-4,1
1519732437988984,-22,-14,2,0,0,1,1,0
1519732438001014,16,19,-3,-4,-2,2,3,4
1519732438001014,29,28,13,2,-1,-2,0,7
1519732438010039,-9,-20,-8,-3,-5,-7,-6,-8
1519732438010039,2,-3,-5,-3,4,0,1,1
1519732438025086,-29,-12,-5,-4,-4,-2,1,-4
1519732438025086,-11,-5,3,0,-5,-3,-3,-2
1519732438027084,1,5,-6,-5,0,2,1,-1
1519732438027084,-4,0,-2,-1,-5,-1,0,2
1519732438047137,34,14,-1,-4,-2,-2,-4,3
1519732438047137,-24,-18,1,9,1,-3,-4,-4
1519732438049143,16,14,4,2,2,2,1,2
1519732438049143,-24,-18,-4,-3,-3,-1,-1,-8
1519732438061178,15,14,-12,-10,-3,1,-2,1
1519732438061178,-15,-15,-7,-4,-3,-3,-3,-5
1519732438070199,-14,-4,14,7,9,5,3,3
1519732438070199,42,33,-5,-6,-6,-5,-3,11
1519732438085241,1,-4,1,2,0,-2,-4,-6
1519732438085241,-23,-12,-3,-1,-4,2,0,-1
1519732438086242,-27,-23,-12,-12,1,-1,-4,-8
1519732438086242,30,16,-12,-3,-4,-4,-1,0
1519732438107299,-17,-3,23,11,6,1,2,3
1519732438107299,11,7,-2,-2,-8,-3,0,0
1519732438113314,-9,6,4,3,0,-3,-3,-5
1519732438113314,-1,-22,-13,-7,-2,-5,-6,-7
1519732438139387,-11,0,0,1,4,4,5,0
1519732438139387,-23,-21,-2,2,1,4,6,-3
1519732438140410,39,36,10,2,-2,3,5,13
1519732438140410,9,-9,-11,-11,-7,-6,-7,-3
1519732438145399,-8,-10,-7,-2,-5,-3,-3,-1
1519732438145399,-23,-8,11,7,1,2,2,-1
1519732438146401,31,32,6,7,1,5,4,10
1519732438146401,11,5,11,9,12,7,3,1
1519732438167457,8,-14,-21,-17,-12,-4,-10,-8
1519732438167457,12,3,-14,-7,-9,-9,-7,-3
1519732438169463,-28,-22,-9,-8,-3,-2,-1,-5
1519732438169463,-34,-10,18,11,7,4,7,-9
1519732438181495,22,17,3,2,0,0,0,7
1519732438181495,-6,-15,-15,-12,-7,-6,-7,-8
1519732438190519,9,6,-9,-6,2,-1,-2,3
1519732438190519,25,5,7,1,-8,-3,-1,2
1519732438205564,2,14,3,9,15,3,2,3
1519732438205564,3,12,13,10,2,4,6,9
1519732438207565,-17,-15,-8,-11,-13,-6,-6,-12
1519732438207565,-12,-8,-3,-1,11,12,5,3
1519732438227618,0,12,6,8,-11,-15,-9,-6
1519732438227618,24,0,-3,-2,24,13,3,3
1519732438228624,-32,-24,0,6,6,1,0,-4
1519732438228624,37,34,-1,-3,-15,-6,1,6
1519732438240653,-21,-11,-4,-6,-9,-6,-5,-5
1519732438240653,6,11,2,0,-10,-12,-4,1
1519732438249676,10,3,-4,-8,1,-1,-12,-7
1519732438249676,-34,-22,2,9,6,1,-2,-11
1519732438264716,-37,-30,-4,-1,7,4,7,-3
1519732438264716,44,27,-16,-12,-9,0,-7,4
1519732438266722,50,26,2,-2,-6,-7,-3,11
1519732438266722,-42,-24,2,5,13,6,-2,-6
1519732438287777,12,12,-3,-4,2,0,-2,2
1519732438287777,-24,-13,3,3,-2,-7,3,-1
1519732438288784,-11,-13,-6,-2,-6,2,3,-4
1519732438288784,-20,2,3,1,-1,-1,-2,-3
1519732438300812,21,0,-1,-2,9,4,-1,3
1519732438300812,-11,2,0,-2,3,9,4,0
1519732438309836,11,8,2,-6,-20,-13,-4,-3
1519732438309836,-27,-12,-3,6,26,-2,0,-6
1519732438324877,5,-7,-6,-4,-2,-1,6,14
1519732438324877,7,7,0,-1,-1,5,1,-3
1519732438326882,-12,-2,9,6,8,3,5,2
1519732438326882,12,4,-2,-4,-6,0,5,4
1519732438347937,-21,-18,-3,-3,-5,7,-1,-11
1519732438347937,18,8,-9,-4,-4,-13,-6,-4
1519732438348940,-14,-7,-1,2,7,-1,-9,4
1519732438348940,9,5,9,2,-13,0,-1,0
1519732438369996,-19,-11,2,5,7,-4,0,2
1519732438369996,-12,-17,-1,-4,-6,13,3,-13
1519732438372002,2,2,-10,-2,0,-17,-4,-6
1519732438372002,-3,-12,-6,-7,-5,-2,4,11
1519732438385036,-34,-4,4,0,-2,0,-3,-22
1519732438385036,43,27,6,2,-2,-12,-13,1
1519732438387042,4,-3,-2,-1,-3,9,8,1
1519732438387042,5,2,-6,-5,-9,-19,-15,-5
1519732438407099,-7,-5,-4,-6,-6,3,7,0
1519732438407099,2,5,1,0,8,19,6,-3
1519732438409101,3,1,5,5,8,14,5,9
1519732438409101,-22,-16,-6,-10,-15,-9,-1,-7
1519732438430156,32,14,-4,-4,3,21,3,8
1519732438430156,-14,-2,2,5,-2,-12,-1,-3
1519732438431159,16,10,3,1,-1,1,6,11
1519732438431159,5,-3,-2,1,-2,2,-3,8
1519732438444193,1,-7,-3,-4,-5,-17,-5,0
1519732438444193,-12,-10,-8,-10,-1,5,0,2
1519732438451212,-17,-12,-8,3,5,12,8,-8
1519732438451212,12,14,6,-3,-3,-11,-26,-6
1519732438467255,8,7,7,4,-2,-22,-10,-1
1519732438467255,6,2,-5,-1,-9,-8,-3,3
1519732438469261,-21,-7,1,-1,-8,-8,1,-2
1519732438469261,22,9,-8,-7,0,-6,0,-6
1519732438490319,38,20,-6,0,5,14,0,14
1519732438490319,-27,-17,13,-1,3,-18,-10,1
1519732438491326,-1,-1,-4,2,1,-7,-4,-5
1519732438491326,2,4,1,4,4,20,17,3
1519732438503351,-4,4,11,3,4,3,2,-2
1519732438503351,-3,0,1,4,8,33,8,1
1519732438512375,-1,2,-8,-5,-14,-22,-2,0
1519732438512375,-2,0,0,-8,-9,-22,-10,-7
1519732438527415,-3,2,-8,-8,-5,-11,-4,-4
1519732438527415,-10,-10,5,7,17,21,12,-1
1519732438529420,11,5,4,5,-8,-20,-16,-1
1519732438529420,-12,-5,-9,0,2,12,-5,-8
1519732438549474,4,5,4,0,-5,-9,0,11
1519732438549474,-15,-17,-5,-2,5,6,2,-1
1519732438551479,13,13,1,-8,-12,-22,3,4
1519732438551479,7,-1,1,5,-4,3,4,3
1519732438563511,0,-6,-5,-2,-5,-6,-6,-4
1519732438563511,-18,-8,-1,7,1,0,9,-1
1519732438572542,-44,-33,-15,-9,7,17,-1,-9
1519732438572542,38,31,6,-4,-13,0,1,9
1519732438587575,-12,-10,10,6,5,4,-1,-8
1519732438587575,-8,0,6,11,8,-11,-14,-3
1519732438589585,8,6,-2,-7,8,17,-2,-2
1519732438589585,-15,-14,-9,-3,-2,-4,0,1
1519732438609634,-1,-2,-4,-4,4,-6,-1,-7
1519732438609634,-13,-9,-11,-14,-26,-2,2,-1
1519732438611639,25,12,3,4,15,10,0,2
1519732438611639,1,2,-6,3,7,2,-1,0
1519732438624682,13,14,29,19,7,11,6,4
1519732438624682,-12,-8,4,0,-15,-17,-12,-4
1519732438638712,2,4,-10,-13,-7,-4,3,-3
1519732438638712,-10,-17,-4,-3,3,5,4,0
1519732438647735,-17,-4,-12,-3,1,-2,-1,-5
1519732438647735,33,21,-8,-6,0,-7,-2,1
1519732438648738,2,0,20,7,7,11,3,7
1519732438648738,-13,-7,-8,12,12,-8,-2,-4
1519732438669794,-9,-2,1,-8,2,9,1,0
1519732438669794,4,-3,-6,-11,-11,-5,-1,2
1519732438671799,-9,-15,-12,-3,-4,-10,-9,-6
1519732438671799,-6,-1,1,-6,-8,-1,7,2
1519732438684834,-26,-13,-8,5,-4,4,1,-5
1519732438684834,68,46,8,2,-1,-6,0,11
1519732438690850,11,6,-6,-3,3,-2,-5,-3
1519732438690850,-12,-4,9,2,-16,1,-2,-3
1519732438707896,4,-4,-1,-2,-6,-15,-1,0
1519732438707896,-21,-6,8,15,18,5,7,5
1519732438708899,-44,-37,-6,-2,-6,8,0,-10
1519732438708899,53,29,-17,-20,-6,-4,-7,-2
1519732438729954,1,-8,-18,-10,-5,-10,-1,-1
1519732438729954,-8,-1,15,11,6,0,4,0
1519732438731959,3,8,12,11,5,1,-3,-3
1519732438731959,-15,-5,8,12,0,10,6,3
1519732438743991,13,3,3,-14,1,2,-3,4
1519732438743991,-21,-25,-26,-16,-12,-8,-6,-11
1519732438753015,11,12,4,-3,-8,-6,4,1
1519732438753015,-13,-14,0,3,-1,-4,-4,-5
1519732438767052,16,15,2,8,12,-1,-4,2
1519732438767052,3,4,2,-7,-14,-1,0,2
1519732438769058,-14,-12,-2,-1,2,10,3,-2
1519732438769058,-22,-17,5,2,2,7,-1,-1
1519732438790116,36,27,1,1,-6,-6,-3,1
1519732438790116,-10,-9,1,-1,-10,-7,-1,-3
1519732438791117,2,0,-7,0,7,3,-1,2
1519732438791117,-10,-1,1,1,12,7,3,2
1519732438804151,-24,-13,0,-8,-25,3,4,-1
1519732438804151,23,10,-9,3,18,-3,-7,1
1519732438812172,11,7,7,0,-11,10,-3,2
1519732438812172,-17,-2,15,12,7,-1,5,5
1519732438827212,24,3,-9,-12,-17,2,-4,-5
1519732438827212,-11,0,0,-6,-8,-4,-1,-4
1519732438829218,-9,-15,-8,9,11,-5,-1,1
1519732438829218,13,11,-5,-3,9,-4,-3,1
1519732438850273,-30,-18,7,8,1,7,2,-5
1519732438850273,3,11,6,1,-4,-1,2,2
1519732438851276,0,-7,0,-12,-11,1,1,1
1519732438851276,-3,-6,-11,-6,-13,-5,-7,-4
1519732438863308,11,9,0,1,13,1,-2,-2
1519732438863308,1,-10,-12,-1,4,-9,-1,0
1519732438872334,-12,10,15,5,2,-5,3,1
1519732438872334,-15,-18,-4,2,-1,0,-1,-6
1519732438887372,22,13,2,2,-2,2,0,6
1519732438887372,-25,-23,-7,-7,-5,-3,-7,-10
1519732438889386,1,3,-16,-9,-6,0,1,-1
1519732438889386,14,9,11,2,-2,-3,5,6
1519732438910434,0,1,4,-8,-11,-4,-4,-4
1519732438910434,-20,-9,3,11,5,-3,-1,-1
1519732438911437,12,10,-4,-2,-1,-5,-3,0
1519732438911437,-1,-14,-15,-13,2,3,-4,-8
1519732438923475,-27,-23,-8,-4,-7,-2,2,-2
1519732438923475,-3,8,7,6,9,10,3,3
1519732438932493,22,13,9,6,7,-2,-2,2
1519732438932493,-10,-8,-8,-10,-11,-4,0,1
1519732438947532,7,6,0,3,6,3,-2,0
1519732438947532,-13,-13,-10,0,11,6,2,-1
1519732438949538,18,12,9,-2,-1,-1,-5,-1
1519732438949538,0,7,7,7,-1,-3,2,0
1519732438969591,11,11,0,4,0,-1,2,3
1519732438969591,-24,-15,-3,1,2,3,0,-2
1519732438971597,1,-11,-10,-8,-10,-7,-5,-3
1519732438971597,-19,-11,2,8,9,12,1,-6
1519732438983628,18,12,-8,-8,-8,-15,-6,2
1519732438983628,27,23,-4,-7,-14,-4,-4,0
1519732438992655,-14,-15,4,3,-1,3,1,0
1519732438992655,-1,7,2,-11,-4,0,-1,3
1519732439007693,-33,-19,-3,10,-8,0,-4,-11
1519732439007693,15,-1,6,1,14,10,4,8
1519732439008696,-13,-4,-9,-5,-4,-3,-2,-4
1519732439008696,19,4,-6,-3,-7,-7,-6,-12
1519732439029752,-3,0,3,0,7,-7,0,1
1519732439029752,6,4,0,-4,-4,0,-1,2
1519732439031757,-18,-5,5,7,1,4,2,-3
1519732439031757,-7,-11,-2,-1,0,-7,-4,-7
1519732439043789,-12,-13,-16,-11,-2,1,13,-2
1519732439043789,-10,6,6,1,-1,2,-1,-1
1519732439052813,-12,-23,-3,2,4,0,-2,1
1519732439052813,27,21,0,-4,-2,5,-5,2
1519732439067852,-29,-30,-7,1,1,-9,3,-9
1519732439067852,47,32,9,2,-2,0,-3,9
1519732439068856,-7,-8,-2,0,0,-1,-3,-6
1519732439068856,21,11,-4,-10,-8,-2,2,6
1519732439089912,-39,-16,5,4,-3,8,0,-5
1519732439089912,7,7,1,6,14,1,-11,-2
1519732439091917,-16,6,8,9,14,-6,9,2
1519732439091917,33,13,-2,2,1,3,-3,12
1519732439103948,-5,-10,0,-2,2,3,-4,-2
1519732439103948,-17,-17,-6,-6,-10,-4,2,-4
1519732439112973,11,1,-12,-10,-9,-1,-1,0
1519732439112973,-30,-13,2,2,3,-1,1,6
1519732439127010,40,22,-7,-5,2,-6,-9,-14
1519732439127010,-7,-13,-2,-3,-2,2,4,-17
1519732439129016,-15,-9,-1,0,1,2,-3,2
1519732439129016,-23,-25,-6,-6,-4,-5,1,-8
1519732439150071,39,40,13,7,8,3,-5,5
1519732439150071,-13,-21,-10,-6,0,-2,-2,5
1519732439152076,33,21,-3,-5,1,6,-3,1
1519732439152076,-13,2,11,11,7,-7,-2,-2
1519732439164109,-19,-12,1,2,-3,3,6,2
1519732439164109,-4,2,-5,-2,11,-5,3,-2
1519732439173138,-13,-5,1,-1,-6,-3,-3,-4
1519732439173138,23,12,-5,-6,-7,5,-7,1
1519732439187170,-13,-7,-4,-4,7,3,-2,-4
1519732439187170,-20,-27,-3,-4,-13,-6,-4,-5
1519732439189184,-8,-2,0,0,4,-2,3,-1
1519732439189184,16,14,2,-1,-2,-1,4,2
1519732439210232,31,16,-12,-8,-7,-6,-8,9
1519732439210232,-12,-13,3,4,-2,-3,-4,3
1519732439211234,5,-6,0,0,-3,-9,-6,-10
1519732439211234,-18,-5,5,9,3,4,5,0
1519732439223267,-14,-11,-2,-1,5,0,1,4
1519732439223267,19,4,-9,-17,-42,3,-1,2
1519732439232290,-29,-15,-13,3,31,-7,-3,-3
1519732439232290,12,2,9,4,-5,-11,-9,-4
1519732439246327,-9,4,7,8,7,3,-3,9
1519732439246327,30,17,-3,-7,-4,6,3,2
1519732439253346,-10,-14,0,-1,-10,7,0,-2
1519732439253346,27,22,-11,-9,-3,-8,-4,1
1519732439270391,-46,-33,0,0,4,-1,9,4
1519732439270391,22,28,2,-1,-2,-3,2,3
1519732439271394,30,15,-2,-3,-9,3,-1,4
1519732439271394,-27,-21,-6,-2,0,3,2,-4
1519732439292450,-12,-5,-1,3,-6,-6,6,-18
1519732439292450,10,7,0,0,2,-20,-9,1
1519732439294456,4,-4,1,-3,-13,-7,-6,-7
1519732439294456,-7,5,-2,2,10,8,9,7
1519732439306488,-3,-25,-8,-4,-6,16,-6,-4
1519732439306488,-17,1,1,-1,0,0,0,-3
1519732439313506,1,11,-4,-5,-4,-1,1,0
1519732439313506,-1,-9,-1,-5,-8,1,1,-1
1519732439329549,18,11,12,7,9,-9,-10,0
1519732439329549,-5,7,-1,9,11,-8,-5,-3
1519732439331554,16,8,6,2,-2,10,7,10
1519732439331554,-25,-14,-8,-3,-3,2,0,6
1519732439352610,14,8,-2,-4,0,5,6,8
1519732439352610,5,4,6,2,-1,-10,-1,12
1519732439354616,-18,2,4,5,7,7,7,1
1519732439354616,6,-2,-2,-4,8,1,3,-6
1519732439366649,11,7,-1,-1,-2,3,-6,0
1519732439366649,-5,-3,1,-1,3,-2,3,-1
1519732439373667,8,11,-8,-3,-14,5,2,2
1519732439373667,-8,3,12,8,10,-6,11,1
1519732439389719,13,6,-8,-17,-16,-3,-4,-2
1519732439389719,-14,-6,9,16,14,4,1,-10
1519732439391721,8,-4,-4,-1,10,-5,0,1
1519732439391721,21,18,3,2,-6,4,-14,2
1519732439412770,4,5,-2,-10,-6,-7,0,7
1519732439412770,2,-1,-7,0,-5,13,2,-4
1519732439413773,8,10,11,2,-4,-29,-5,-2
1519732439413773,5,2,2,1,-2,3,10,-8
1519732439425806,-9,-9,0,9,20,1,-3,-3
1519732439425806,-4,-6,-5,-9,-4,6,13,10
1519732439434829,-10,-14,-10,0,1,-2,-5,2
1519732439434829,-24,-10,-2,-2,-4,-7,-1,2
1519732439449868,27,26,5,-7,-8,-1,-4,2
1519732439449868,-11,-17,-7,7,1,-2,-6,-9
1519732439451874,-1,3,7,1,1,11,7,1
1519732439451874,-2,-7,-9,-10,-9,-10,-11,-4
1519732439472931,-6,-6,-3,3,5,0,12,14
1519732439472931,-17,-3,10,0,1,7,5,2
1519732439473938,14,-3,-2,-5,-4,1,-1,-2
1519732439473938,8,2,-15,-1,-8,-17,8,6
1519732439485965,-25,-24,13,9,7,16,-1,-13
1519732439485965,8,8,-5,-6,-6,-13,-9,-2
1519732439503010,12,16,2,-1,4,15,3,-2
1519732439503010,-7,-10,-4,-5,-8,-6,-12,-10
1519732439510029,-10,-3,-5,1,5,-6,-3,-4
1519732439510029,-12,-11,1,1,6,8,5,-2
1519732439512034,1,7,9,10,3,3,1,4
1519732439512034,24,4,-12,-10,-2,-2,-6,-2
1519732439532088,-4,1,-8,-5,-6,-6,-1,-5
1519732439532088,-2,4,12,2,5,5,-4,1
1519732439534096,-4,-3,0,6,-3,-14,-5,-5
1519732439534096,-28,-9,5,7,6,-1,-3,-7
1519732439546125,44,23,-6,-2,-6,-2,-2,10
1519732439546125,9,-1,-12,-9,-6,-4,0,-5
1519732439555150,-5,-3,1,-7,-5,3,-1,2
1519732439555150,-5,-4,5,1,0,5,1,1
1519732439570189,-14,-5,1,6,1,3,1,-3
1519732439570189,-7,-3,-3,2,-1,-1,-3,-3
1519732439571192,5,0,-4,-6,-2,-5,-2,-1
1519732439571192,-7,-4,2,-3,5,7,-1,3
1519732439592248,-6,-6,-2,4,-9,-13,-2,-7
1519732439592248,11,12,9,5,2,7,7,2
1519732439594253,-18,-23,-13,-6,-5,-16,-17,-8
1519732439594253,20,16,2,1,5,6,7,6
1519732439606294,-4,1,13,8,17,16,1,3
1519732439606294,-15,-10,-9,3,4,14,4,-8
1519732439615310,-3,1,-4,-4,-1,-11,0,1
1519732439615310,12,8,4,-2,-15,-18,-4,-4
1519732439630349,-4,-4,0,-4,-2,-2,-3,-2
1519732439630349,-10,-9,-6,-3,3,-2,-6,-2
1519732439631352,0,-3,-11,-7,-14,5,1,-1
1519732439631352,-7,-7,6,5,9,6,-2,-6
1519732439652408,-53,-28,-2,-5,-6,-2,4,-6
1519732439652408,65,35,-9,-4,-4,-14,-9,6
1519732439654413,-2,1,7,-2,-6,2,2,-3
1519732439654413,0,-5,-3,-1,8,8,0,0
1519732439666445,-5,-4,-9,10,5,-4,1,-1
1519732439666445,-23,-5,13,1,0,1,0,-2
1519732439675469,8,10,-5,-4,-7,-7,-10,-5
1519732439675469,3,2,10,-1,-3,-2,0,3
1519732439690509,5,-3,-7,-2,-4,-2,1,-1
1519732439690509,-8,-4,-8,-7,4,-11,-6,-3
1519732439691516,10,12,17,7,5,22,12,-2
1519732439691516,-9,-8,-2,7,14,-3,-6,-1
1519732439712568,11,5,-10,-11,-8,-4,-3,-1
1519732439712568,-4,-7,-14,-9,-7,-9,-3,-2
1519732439714573,-21,-12,13,8,11,6,3,-1
1519732439714573,-11,0,-4,2,-3,6,0,-3
1519732439726605,42,9,0,-2,-8,-5,-2,1
1519732439726605,-13,-12,-4,-12,-10,-8,-3,-4
1519732439733623,-5,-11,-19,1,19,2,-1,-1
1519732439733623,-13,-3,5,9,5,7,3,0
1519732439749666,-10,0,18,4,-3,0,1,-2
1519732439749666,15,14,7,1,-7,6,4,3
1519732439751672,-5,-13,-2,-5,-7,-5,-5,-4
1519732439751672,6,-2,-15,-7,-5,-7,-1,2
1519732439772732,-2,2,-8,-12,-13,-1,-3,-3
1519732439772732,-7,-3,14,11,8,2,2,0
1519732439774738,5,7,-5,-1,-1,5,1,3
1519732439774738,-3,-8,-2,-16,-15,-20,-5,-7
1519732439785762,-3,-6,-13,16,25,-8,-3,-3
1519732439785762,-10,-5,-8,-11,-12,3,-5,-3
1519732439794786,5,5,6,13,14,23,7,4
1519732439794786,5,5,11,-2,-10,-3,1,0
1519732439809827,-6,-7,-6,-10,-7,1,1,-2
1519732439809827,-10,-12,-15,-5,-1,-7,1,-5
1519732439811832,-24,-8,1,-7,0,-7,-7,-5
1519732439811832,39,19,-1,9,-8,-1,-3,3
1519732439832887,21,23,14,-4,1,2,3,7
1519732439832887,-21,-19,3,13,7,2,-3,-2
1519732439833891,-2,-8,-14,-16,-14,-9,3,2
1519732439833891,-8,-5,-11,-4,2,3,-2,-6
1519732439845922,-43,-23,5,3,-6,-2,-1,-7
1519732439845922,49,28,2,13,21,0,1,10
1519732439854948,23,19,6,-1,-8,-8,-4,3
1519732439854948,-17,-15,-3,-1,8,7,-2,-1
1519732439869987,16,12,-3,-5,-5,2,-2,5
1519732439869987,-22,-10,8,-3,-4,5,4,1
1519732439872004,-2,-4,-6,3,-1,-5,-1,-2
1519732439872004,13,7,-8,-9,-1,0,0,0
1519732439892045,-11,-4,6,-15,-32,-1,2,0
1519732439892045,-6,0,7,19,30,5,2,1
1519732439894051,-11,-8,0,1,-3,-5,-3,-2
1519732439894051,19,2,-8,-6,-5,-2,-1,4
1519732439906088,6,1,-5,-6,1,0,-3,-3
1519732439906088,-1,-4,-7,-19,-26,-6,-1,0
1519732439915107,-24,-14,1,18,11,7,1,-4
1519732439915107,-3,1,21,14,18,2,5,1
1519732439930147,17,20,0,11,7,-2,0,4
1519732439930147,2,-3,-8,-12,-12,-4,-4,-3
1519732439931149,-13,-19,-12,-9,-3,-2,-4,-7
1519732439931149,-11,6,0,3,-3,4,1,3
1519732439952205,9,-11,0,-2,6,-2,-2,-1
1519732439952205,-23,-9,1,4,10,6,0,-5
1519732439954214,24,14,-1,-9,-14,-6,-3,2
1519732439954214,-5,-7,-7,2,-1,-3,-3,-2
1519732439966243,5,-4,-12,-8,2,-3,-3,-3
1519732439966243,-23,-8,6,-4,-19,-2,0,-3
1519732439975267,10,4,-4,0,6,-6,-2,1
1519732439975267,11,10,14,10,2,0,0,4
1519732439990307,-32,-15,8,6,5,3,1,-4
1519732439990307,26,14,-1,-5,-16,-1,-2,0
1519732439991312,16,3,-10,-5,6,-5,-5,-3
1519732439991312,-12,-5,-11,-8,-7,-2,-1,-4
1519732440011362,-3,-1,2,6,9,2,2,5
1519732440011362,-15,-10,14,8,5,0,0,-4
1519732440020387,3,7,1,8,2,0,-1,-1
1519732440020387,-14,-17,-2,-11,-5,-2,-2,-6
1519732440026403,41,24,-20,-9,-5,-5,-5,0
1519732440026403,-14,-9,-4,-3,4,3,-2,-4
1519732440035426,-9,-5,7,-4,-12,-4,3,-1
1519732440035426,-8,-6,3,12,6,3,0,2
1519732440050466,-10,-1,4,6,0,2,0,-7
1519732440050466,-13,-6,-7,-5,-1,1,-2,0
1519732440051469,22,13,-16,-13,-9,2,-1,5
1519732440051469,13,8,6,-8,-11,-2,-2,0
1519732440072531,2,9,25,25,24,1,0,4
1519732440072531,7,9,0,10,9,-1,-3,-2
1519732440074533,-27,-17,2,1,-2,3,1,-2
1519732440074533,4,-4,-15,-11,-1,-1,1,0
1519732440086562,3,-2,-14,-14,-11,-3,-2,1
1519732440086562,-12,-8,-5,0,1,1,4,3
1519732440095587,1,10,18,5,0,-5,-4,-4
1519732440095587,17,5,0,4,-17,-10,-9,-5
1519732440117645,-5,-4,-5,-4,-4,0,2,-1
1519732440117645,-4,-5,2,-4,0,0,2,6
1519732440118648,-16,-10,-2,0,-3,0,1,0
1519732440118648,-3,6,0,-2,-2,1,0,-7
1519732440132685,-23,-17,-1,3,3,3,-1,0
1519732440132685,26,9,-8,-4,-2,-5,-4,-3
1519732440133688,24,20,7,-2,-5,0,3,8
1519732440133688,-40,-25,-2,3,20,4,4,-3
1519732440145719,-2,-15,-11,-5,-16,-4,-6,-9
1519732440145719,3,-3,-1,-9,-4,-6,-3,-3
1519732440155764,-3,-2,3,10,12,-1,1,-1
1519732440155764,-15,-7,0,1,-3,1,3,2
1519732440169784,6,12,-5,-11,-15,3,3,0
1519732440169784,-1,2,0,0,0,-1,-1,-1
1519732440171795,39,20,-1,-1,-3,1,-6,6
1519732440171795,-3,4,8,1,8,-3,1,3
1519732440192845,-9,-9,0,-4,-8,-1,1,-3
1519732440192845,-15,-2,3,5,-2,1,1,-2
1519732440193848,16,7,-8,-5,-1,-1,2,0
1519732440193848,1,-10,-3,-6,4,1,-7,-6
1519732440205886,9,11,-1,4,8,-1,0,3
1519732440205886,2,2,14,5,0,-3,1,2
1519732440214904,-48,-27,-6,4,2,3,4,-5
1519732440214904,57,42,-7,-10,-10,-1,-6,4
1519732440229944,-8,-8,-4,-6,-1,1,-3,-2
1519732440229944,24,15,3,5,-1,-1,2,3
1519732440231949,-31,-26,5,1,13,7,4,-3
1519732440231949,15,-1,-14,-6,-16,-18,-9,-2
1519732440252003,-14,-8,-2,3,21,12,-2,-3
1519732440252003,7,-2,-5,0,0,2,2,0
1519732440254009,-23,-16,4,-2,-10,-6,2,8
1519732440254009,4,9,-3,-1,5,3,4,1
1519732440275064,18,7,-5,-2,0,-3,-1,1
1519732440275064,-8,-5,10,6,5,4,0,6
1519732440277070,10,7,6,3,2,-1,-2,-2
1519732440277070,-28,-11,9,7,0,6,7,3
1519732440290104,-5,-5,-3,-3,-5,-10,-4,-2
1519732440290104,12,3,-21,-20,-14,-5,-6,-10
1519732440292109,-5,2,-1,0,9,-4,-5,-20
1519732440292109,-16,2,8,5,-1,2,4,-19
1519732440312163,1,1,8,4,9,12,-6,1
1519732440312163,9,0,-15,-8,-9,-13,-4,7
1519732440314169,7,3,9,-5,-15,-10,-1,-4
1519732440314169,-24,-18,-4,1,5,14,5,-5
1519732440335224,22,22,1,-7,-16,-11,-1,4
1519732440335224,3,1,-3,6,20,4,1,1
1519732440336227,17,13,-5,-7,-9,2,3,4
1519732440336227,-7,0,-2,-7,-11,-8,-11,-10
1519732440349261,-5,-12,-1,5,5,-9,11,4
1519732440349261,-17,-5,1,-2,-2,-11,-16,0
1519732440356293,15,12,3,0,1,-1,0,4
1519732440356293,8,-6,1,5,0,12,3,8
1519732440372335,2,-3,3,-3,-7,1,6,18
1519732440372335,-16,-8,-1,-1,1,4,1,-9
1519732440374328,-2,-14,-4,2,2,-7,-3,0
1519732440374328,21,18,-8,-7,-4,-6,-8,-2
1519732440395384,-9,-4,-10,0,-3,-13,-7,-13
1519732440395384,-2,-6,9,-3,-1,8,3,3
1519732440396387,2,6,-1,0,1,6,1,9
1519732440396387,-8,-6,3,1,4,-2,1,3
1519732440409422,0,-10,-2,-3,-2,-1,-1,0
1519732440409422,-10,-6,-7,-5,-7,-2,2,-7
1519732440418446,-18,-9,-4,4,0,-1,-7,-7
1519732440418446,26,13,5,-1,-3,-6,-5,5
1519732440432482,-11,-3,4,3,-1,3,6,-3
1519732440432482,-22,-11,-7,-4,-1,1,-5,-11
1519732440434488,11,-1,-1,-3,-1,-1,1,2
1519732440434488,-14,-14,-17,-3,-2,-6,-3,-5
1519732440455550,10,5,15,4,4,6,4,10
1519732440455550,11,13,0,0,-2,-1,-2,-2
1519732440456547,-9,1,-3,-3,-1,-1,0,-7
1519732440456547,-1,-7,2,1,1,1,2,4
1519732440468579,-13,-2,-1,0,-2,0,-9,-20
1519732440468579,-2,-6,-4,-2,0,0,5,6
1519732440477603,1,-8,-6,-5,2,7,-1,-5
1519732440477603,-9,0,2,-4,-6,-5,-1,-10
1519732440492643,-1,-5,-7,-7,-4,8,2,-9
1519732440492643,1,1,3,6,11,12,-3,-6
1519732440494648,-2,-1,-3,-2,-7,-32,-4,5
1519732440494648,-11,-10,-3,-5,4,26,-3,-17
1519732440514701,-19,-16,-13,1,2,-4,7,4
1519732440514701,4,8,9,-5,-9,-2,-13,-13
1519732440516707,8,4,2,5,1,10,4,6
1519732440516707,4,8,9,8,1,-12,-3,13
1519732440528739,-9,-4,-2,-3,3,-15,-7,1
1519732440528739,-14,-19,-13,-11,-5,15,19,-7
1519732440537764,28,16,-3,1,-5,9,16,31
1519732440537764,-21,-8,2,0,-2,-30,-23,-13
1519732440552803,9,7,0,1,-2,3,-1,3
1519732440552803,3,-4,-3,3,8,6,1,5
1519732440553806,3,2,-2,-2,-3,-8,0,7
1519732440553806,-11,-8,0,1,2,12,13,1
1519732440574861,39,25,1,-5,-4,-6,-14,-7
1519732440574861,14,9,1,2,-2,-12,-5,7
1519732440576867,-25,-17,-4,-3,-1,4,-7,-14
1519732440576867,8,3,-2,6,6,9,1,4
1519732440588902,-12,0,11,4,-6,-23,-5,-6
1519732440588902,1,-2,0,-1,0,4,2,14
1519732440597923,-7,0,-3,0,1,-2,-11,-21
1519732440597923,12,3,-10,-9,-7,1,6,4
1519732440612963,-2,-3,-10,-3,3,15,4,2
1519732440612963,1,0,8,5,-2,-16,-2,-2
1519732440613966,-4,0,7,4,-3,-9,-5,-4
1519732440613966,4,3,-1,0,3,-2,1,4
1519732440635022,-21,-10,3,5,4,10,2,-2
1519732440635022,19,11,-15,-10,-7,-3,-2,-1
1519732440637028,-2,1,3,1,2,3,-3,-3
1519732440637028,5,1,8,2,-1,-3,1,6
1519732440649058,-27,-21,-6,0,4,6,0,-5
1519732440649058,21,12,-5,-3,-4,-7,-2,3
1519732440656083,14,12,-2,-4,1,1,1,0
1519732440656083,-13,-14,-3,-7,-4,-1,2,3
1519732440672128,1,2,-3,4,-5,0,-4,2
1519732440672128,-14,-11,-1,8,11,0,-4,-11
1519732440674129,-1,5,20,1,1,2,-1,-4
1519732440674129,0,-1,-9,1,-1,0,2,-1
1519732440695181,12,2,-2,-6,0,0,2,5
1519732440695181,0,2,-6,0,-9,-4,1,1
1519732440696185,8,6,11,0,2,8,1,1
1519732440696185,-18,-11,-1,2,-2,-8,-5,-3
1519732440708217,4,3,-7,-1,10,4,2,1
1519732440708217,-7,-1,8,5,1,-2,1,1
1519732440718243,3,-4,-5,-3,-9,-6,-3,-1
1519732440718243,-1,3,-7,-12,-7,1,1,0
1519732440732280,2,-4,-7,-4,-10,-2,-5,-6
1519732440732280,9,1,4,-3,13,1,-2,2
1519732440734286,-4,-2,-9,9,1,0,-3,-4
1519732440734286,2,-3,15,-7,-12,0,2,2
1519732440755349,-9,4,5,14,18,6,2,1
1519732440755349,0,-5,-8,-2,0,-3,-1,4
1519732440756345,-11,-13,-11,-16,-5,-6,-3,-5
1519732440756345,-1,3,-25,-1,2,2,1,0
1519732440768376,12,8,22,-2,0,1,3,6
1519732440768376,8,7,16,11,-10,-3,0,0
1519732440777400,-2,-11,-15,-6,-10,-7,-5,-6
1519732440777400,10,7,-8,-6,-10,-4,-1,1
1519732440791438,-16,-12,-3,-3,-15,-7,-2,-1
1519732440791438,-10,0,2,1,2,1,0,0
1519732440798459,4,5,6,3,1,5,1,3
1519732440798459,-9,-6,8,11,12,4,0,2
1519732440815502,1,-2,-9,-5,-7,-4,-1,-4
1519732440815502,1,-3,-16,-15,-20,-4,-2,-4
1519732440817507,-3,3,-10,0,13,0,0,0
1519732440817507,-1,0,28,9,0,-1,1,3
1519732440829539,8,9,-4,7,15,1,0,1
1519732440829539,-11,-2,6,-1,-6,0,-1,-1
1519732440837561,8,-3,-16,-7,-5,-1,-1,-5
1519732440837561,1,-3,-9,-4,1,-3,-3,-2
1519732440852600,-3,0,0,-1,0,-3,-5,-1
1519732440852600,-11,7,13,8,2,3,1,2
1519732440853604,15,0,4,-4,4,0,-2,2
1519732440853604,-1,-8,-5,1,0,1,0,0
1519732440874662,1,-2,-8,-2,-13,-5,-3,-5
1519732440874662,-3,0,-2,3,2,1,1,1
1519732440876667,-8,2,1,-1,5,1,2,3
1519732440876667,4,1,-12,-5,7,-1,-2,-3
1519732440888701,-4,1,18,-3,-10,3,2,0
1519732440888701,-6,0,3,1,-1,1,1,2
1519732440897722,-4,-4,2,9,3,-1,-1,-1
1519732440897722,-17,-21,-11,-10,-8,-3,-5,-11
1519732440912760,19,8,-14,-5,-1,-2,-2,2
1519732440912760,1,1,1,-1,1,1,-1,-3
1519732440913763,-23,-7,6,1,-3,2,1,-1
1519732440913763,21,20,1,5,-1,-4,-2,3
1519732440934819,-8,-10,-4,-5,2,1,0,-2
1519732440934819,11,3,-6,-7,-1,-3,-2,-3
1519732440936824,-19,-7,-3,2,-6,-2,1,-3
1519732440936824,-12,-14,2,6,9,3,3,0
1519732440948856,9,11,0,-1,-2,-2,-1,1
1519732440948856,-14,-6,-2,-3,-4,-1,-2,-3
1519732440957882,2,-4,-10,-2,0,-1,-4,-4
1519732440957882,2,8,7,-1,-5,-2,-3,-1
1519732440971921,20,7,-2,0,-2,-4,-2,2
1519732440971921,-14,-16,-10,-3,12,1,-1,-5
1519732440978936,-17,-12,3,2,-2,4,2,-3
1519732440978936,-2,9,7,6,-3,-2,-1,1
1519732440994979,6,5,-5,-11,-9,-4,-4,-4
1519732440994979,0,-9,-11,-9,-4,-5,-4,-3
1519732440996984,0,4,2,4,5,-2,-3,-4
1519732440996984,-24,-12,8,5,3,1,3,0
1519732441009022,26,15,-3,-5,-1,-3,-2,0
1519732441009022,8,7,-1,0,-4,-4,-1,1
1519732441020046,-5,-4,0,-4,-2,3,1,1
1519732441020046,-6,-2,-10,-8,2,-1,-2,-1
1519732441032078,-2,1,-7,2,2,0,-1,2
1519732441032078,-9,-4,20,11,2,0,0,-1
1519732441039104,20,12,4,2,-3,-1,-3,3
1519732441039104,1,-4,-6,-1,0,-2,1,-1
1519732441055141,-29,-20,-2,-3,5,2,2,-4
1519732441055141,16,9,-14,-11,-7,-2,-1,0
1519732441056146,-13,-8,-7,-1,2,-2,-1,-2
1519732441056146,15,17,11,4,1,1,-1,2
1519732441068174,-4,-1,4,0,-5,-2,0,-2
1519732441068174,-7,-6,-2,-1,1,0,-1,-2
1519732441077197,-16,-5,3,-3,-1,0,1,-1
1519732441077197,46,21,-8,-17,-26,-2,-3,4
1519732441092238,-26,-22,0,16,25,-8,-5,-6
1519732441092238,-7,0,2,-1,3,3,2,0
1519732441098253,7,-3,-12,-10,-11,-3,-2,-2
1519732441098253,-16,-7,-1,2,4,1,0,-2
1519732441115300,19,17,14,0,1,7,5,5
1519732441115300,9,2,-4,0,-6,-3,-3,-1
1519732441117305,-18,-12,-1,-1,5,1,-1,-4
1519732441117305,-10,-9,4,3,-1,2,2,0
1519732441128334,11,4,-7,-7,-7,-2,-3,-2
1519732441128334,-30,-24,-9,1,3,0,-3,0
1519732441137360,26,21,11,1,-2,0,-1,4
1519732441137360,-1,-1,2,0,5,0,0,0
1519732441151395,-11,-7,-1,-2,-5,1,1,8
1519732441151395,-3,6,4,6,4,1,2,0
1519732441166435,7,1,2,0,-2,-2,-1,-1
1519732441166435,11,3,-10,-9,-5,-6,-8,-3
1519732441175485,-19,-14,-3,1,3,10,4,-5
1519732441175485,15,11,4,0,-5,-6,3,2
1519732441176462,-22,-16,-4,-3,2,0,3,1
1519732441176462,3,0,-3,-5,-3,-7,-2,-5
1519732441197518,22,16,-1,0,-3,4,-6,-2
1519732441197518,-27,-8,4,2,1,11,2,0
1519732441199527,39,19,-6,-6,-7,-8,-6,1
1519732441199527,1,1,3,8,21,-9,0,3
1519732441212558,-27,-21,-4,-5,-11,-3,-2,-3
1519732441212558,1,0,-5,-9,1,-1,-3,-4
1519732441214563,-9,0,-1,13,-2,-1,-2,-3
1519732441214563,-5,-6,7,0,-4,5,4,4
1519732441235619,13,10,2,-2,-14,-9,-2,1
1519732441235619,5,-3,-7,0,3,1,-4,-2
1519732441236622,-12,-16,-1,-4,-1,3,0,-3
1519732441236622,16,16,-6,-2,-1,-3,-1,0
1519732441257679,-26,-20,-3,-1,0,1,2,-3
1519732441257679,19,8,-4,-3,-10,-11,-8,-2
1519732441258686,1,10,8,1,8,11,2,4
1519732441258686,-11,-2,-1,-1,-7,-11,-2,-15
1519732441272726,-6,-4,-6,-1,2,2,3,3
1519732441272726,4,1,3,0,-4,-4,3,3
1519732441273722,9,6,-5,-2,-4,-24,-7,-4
1519732441273722,-13,-10,-6,-5,3,11,1,-9
1519732441294776,7,4,0,3,3,8,0,-3
1519732441294776,1,5,4,5,5,0,1,5
1519732441296782,-2,-2,4,0,-1,2,0,-2
1519732441296782,-5,-6,-3,2,-6,-4,-4,1
1519732441317838,2,0,2,-2,-1,-4,1,-1
1519732441317838,0,-1,-4,-1,-3,4,3,2
1519732441318840,11,6,-2,-1,-2,1,0,3
1519732441318840,-3,-2,2,-1,-3,6,0,-7
1519732441330873,-4,2,7,6,2,-3,-5,2
1519732441330873,-2,-5,-5,-3,-3,-7,-6,-4
1519732441339901,-7,-8,-2,-4,-6,-5,12,4
1519732441339901,-9,-6,-6,-1,-1,4,4,4
1519732441354939,13,3,-4,-5,1,1,-1,7
1519732441354939,1,-4,-5,0,-4,0,-3,-3
1519732441356946,-11,-1,1,1,3,7,-4,-7
1519732441356946,1,-4,4,0,-5,5,6,15
1519732441377998,-21,-9,-4,2,2,-6,-2,-9
1519732441377998,9,2,2,-4,-2,2,-2,-1
1519732441379001,4,3,-7,-3,1,1,2,1
1519732441379001,-27,-20,5,6,5,0,-2,-3
1519732441392035,36,23,-4,-10,-9,-6,-3,4
1519732441392035,0,2,16,12,9,-3,2,1
1519732441399054,-11,-5,-13,-2,0,4,-2,-5
1519732441399054,0,-1,-3,-5,-1,-7,-7,-3
1519732441415097,-8,-5,-2,-3,-12,-2,2,0
1519732441415097,-1,-1,2,-5,9,3,1,-3
1519732441417102,-2,-3,-2,12,6,0,-3,1
1519732441417102,4,4,-7,-10,-7,2,-4,0
1519732441438160,-3,-1,8,5,13,11,6,0
1519732441438160,-2,-4,-7,-6,-4,-9,-7,-3
1519732441440173,-2,1,0,-9,-13,-3,-1,-1
1519732441440173,10,8,7,8,9,6,5,3
1519732441451193,-1,3,-3,1,-9,-1,-5,-1
1519732441451193,-12,-7,-1,0,2,0,0,-4
1519732441460217,-6,-4,16,5,8,1,-1,2
1519732441460217,31,18,-13,-4,-6,-14,-9,-2
1519732441475257,-7,-4,0,-7,-6,2,8,-2
1519732441475257,-2,-5,-7,-2,-4,-2,3,0
1519732441476260,-8,-8,-7,-7,-7,-7,-9,-5
1519732441476260,-6,0,6,2,4,1,-2,-1
1519732441497316,-8,-4,-6,-4,-14,-8,-4,-3
1519732441497316,1,-1,-1,-2,-1,6,1,-1
1519732441499321,1,-3,6,7,1,3,4,1
1519732441499321,-3,-5,-2,-2,-9,-5,-2,0
1519732441511353,-4,-3,-3,0,15,0,-3,-2
1519732441511353,5,3,-7,-1,-3,-1,0,-3
1519732441520377,13,8,3,-4,-9,-4,-1,2
1519732441520377,-2,-6,8,6,9,0,2,-2
1519732441535416,-3,-1,-1,5,-5,-5,-2,-3
1519732441535416,-9,-4,2,-6,7,2,1,2
1519732441536419,-32,-14,3,8,26,-1,-1,-5
1519732441536419,49,34,-4,-2,-14,-2,-2,8
1519732441557475,-14,-28,-19,-21,-15,0,-4,-7
1519732441557475,7,7,-10,-17,-26,-12,-4,-2
1519732441559481,3,3,4,17,34,6,1,0
1519732441559481,-17,-1,19,8,0,2,1,0
1519732441571520,-3,6,8,9,11,2,1,1
1519732441571520,3,0,-6,-9,-16,2,-3,-2
1519732441580537,-11,-16,-15,-16,-18,-4,-2,-1
1519732441580537,-4,-6,-10,-9,-3,-3,1,-4
1519732441594574,10,13,10,8,3,-3,-2,4
1519732441594574,-2,-2,8,13,9,4,5,0
1519732441596579,13,13,6,-2,-9,0,-1,-1
1519732441596579,-27,-21,-3,4,-1,1,0,-5
1519732441617636,17,11,-9,-10,-2,-9,-3,-1
1519732441617636,1,5,-4,3,3,-1,1,1
1519732441620643,18,5,8,-7,-9,0,1,3
1519732441620643,-4,-5,-22,-11,-4,-6,-3,-2
1519732441630670,-17,-11,22,7,10,3,1,-2
1519732441630670,-11,-8,0,17,21,8,4,-1
1519732441640697,13,6,-6,-12,-21,-5,0,0
1519732441640697,-4,-5,-13,-15,-3,-1,-4,-1
1519732441655742,-6,-3,5,15,12,6,1,1
1519732441655742,-3,-1,10,4,-1,-7,-3,-1
1519732441656742,2,-6,-12,-4,-4,1,-2,-5
1519732441656742,-27,-15,1,1,4,7,3,-1
1519732441677796,33,20,0,-2,-5,-4,-2,3
1519732441677796,10,4,-7,-13,-11,-4,-6,0
1519732441678799,2,-1,1,1,2,1,1,2
1519732441678799,-7,-2,7,5,-1,-1,1,-4
1519732441690830,-7,0,-5,1,5,0,0,0
1519732441690830,-11,-12,9,0,3,0,0,-2
1519732441699855,4,2,-10,-5,-7,-3,-1,2
1519732441699855,-14,-16,-5,-2,6,-2,-4,-4
1519732441714894,5,-5,-8,-6,-4,-3,-3,-1
1519732441714894,1,4,4,2,-5,0,-1,0
1519732441716902,-8,4,11,10,17,6,3,4
1519732441716902,27,18,5,-2,-12,-1,-1,0
1519732441737959,-15,-11,-10,-13,5,-9,-6,-6
1519732441737959,-2,-6,-9,-1,-1,-2,-1,-1
1519732441738964,-13,-8,-3,-3,-10,-2,-1,-2
1519732441738964,-1,5,0,6,11,1,2,2
1519732441750990,-2,-4,7,2,-11,-1,1,0
1519732441750990,1,1,3,1,1,2,2,-1
1519732441760014,-2,0,-4,-4,-1,-2,0,-1
1519732441760014,23,15,-6,-5,-3,-1,-3,3
1519732441775054,-11,-2,4,4,0,2,1,1
1519732441775054,-10,-5,-2,1,1,-2,-3,-4
1519732441777060,6,3,1,-4,-4,0,0,-1
1519732441777060,1,-10,-7,-4,-3,-5,-1,-3
1519732441798115,7,1,0,1,0,-1,2,4
1519732441798115,-19,-3,8,7,3,1,0,-1
1519732441799119,19,8,-5,-6,-10,-3,-4,-1
1519732441799119,-5,-5,-1,0,10,1,0,0
1519732441811150,-7,-3,-7,-1,-1,1,-2,-3
1519732441811150,1,5,5,2,0,-1,1,2
1519732441820174,-3,0,3,5,2,4,2,2
1519732441820174,3,2,-2,-1,-1,-3,-4,-2
1519732441835214,-6,-5,3,1,-6,2,1,-1
1519732441835214,4,-2,-14,-8,-3,-4,-2,-1
1519732441836217,-14,-12,-5,-2,0,-1,-1,-3
1519732441836217,-5,-3,6,5,5,-4,-1,1
1519732441857273,-6,-5,-11,-3,-4,3,-1,-4
1519732441857273,-9,-8,2,-3,2,0,-1,0
1519732441859279,26,9,2,7,5,-5,-3,10
1519732441859279,-8,3,7,3,0,10,4,-4
1519732441871316,-4,-4,2,1,2,-4,-1,-1
1519732441871316,8,5,-7,-2,-1,1,0,1
1519732441880334,-15,-13,-8,-8,-6,-5,-4,-5
1519732441880334,-5,0,10,5,0,-1,0,1
1519732441895374,10,7,6,4,1,-3,-2,1
1519732441895374,-1,-7,-8,-8,-7,0,0,1
1519732441896377,-16,-1,4,2,4,0,-1,-6
1519732441896377,29,26,2,0,-6,-4,-1,6
1519732441917433,-31,-25,-12,-10,-2,-1,-1,-11
1519732441917433,17,10,0,-1,1,-4,-3,2
1519732441919438,-7,-4,0,4,2,3,0,0
1519732441919438,-24,-9,11,9,2,4,3,-2
1519732441931470,41,31,-4,-4,-3,-2,-1,8
1519732441931470,-8,-9,-6,-6,-6,-4,-2,-4
1519732441940497,-15,-13,-3,-1,-11,-2,0,-5
1519732441940497,11,-3,-16,-9,-1,-2,-3,-2
1519732441954534,-7,5,9,6,14,6,1,0
1519732441954534,0,6,10,5,-9,1,1,0
1519732441961550,3,9,2,6,11,14,6,4
1519732441961550,-5,-17,-11,-8,-17,-17,-9,-6
1519732441977593,-6,-4,-8,-10,-9,-1,-2,-3
1519732441977593,10,11,-2,1,2,-3,-2,-6
1519732441979598,-5,-2,4,0,-2,1,-2,8
1519732441979598,12,3,0,3,11,1,1,4
1519732441991630,4,-4,-8,-5,-2,-5,-5,-2
1519732441991630,-8,-2,4,5,4,7,3,-2
1519732442000657,13,6,-5,-7,-4,-7,-4,-3
1519732442000657,-25,-13,-2,-3,-3,4,4,-2
1519732442014692,23,7,2,3,1,-6,-3,0
1519732442014692,4,-5,-1,-3,4,-1,-4,-1
1519732442021715,-7,-7,-13,1,0,-2,-2,-3
1519732442021715,-3,4,10,-2,-1,0,0,0
1519732442037755,-19,2,9,7,2,3,6,0
1519732442037755,6,-1,-2,-2,-2,-5,-4,-1
1519732442039759,12,0,-5,-6,0,-2,-2,-1
1519732442039759,-15,-13,-3,-2,-5,10,4,-4
1519732442059811,-6,-2,0,6,19,-8,0,3
1519732442059811,-5,-9,-3,4,8,7,2,1
1519732442061818,1,-5,0,-12,-17,-5,1,-1
1519732442061818,14,11,-1,5,5,-5,-7,-3
1519732442074852,-16,-10,2,0,-9,4,-1,-1
1519732442074852,16,12,-1,1,1,-9,-5,2
1519732442080868,-11,-10,2,1,4,10,2,-4
1519732442080868,-14,-18,-10,-8,-1,5,0,-2
1519732442097913,-2,-3,-8,-9,-26,-18,-5,-4
1519732442097913,18,16,4,3,8,4,2,6
1519732442098916,-2,1,6,2,2,-3,-3,-3
1519732442098916,2,2,1,3,-5,-4,0,3
1519732442119971,-17,-10,0,1,6,5,1,0
1519732442119971,-2,-4,-9,-6,-11,-5,-1,-5
1519732442122981,2,2,-2,-5,-2,-2,0,-1
1519732442122981,17,14,4,6,5,-6,-2,10
1519732442135011,-11,-9,0,0,11,9,3,-5
1519732442135011,-4,1,1,2,-3,-1,0,10
1519732442137036,12,7,-2,1,4,-7,-4,0
1519732442137036,-40,-17,2,2,1,7,5,-3
1519732442158073,30,7,-5,-6,-18,-12,-10,-1
1519732442158073,-6,-12,-6,-6,-2,1,-1,-3
1519732442159076,1,1,1,0,0,2,1,0
1519732442159076,-13,-7,0,-2,2,0,0,-3
1519732442180132,-3,1,-2,-3,-4,1,-2,0
1519732442180132,-5,-1,6,6,-1,-3,-1,-4
1519732442181134,-5,-3,-3,-4,-12,-6,-2,0
1519732442181134,11,8,-1,0,5,3,-3,-4
1519732442194169,4,0,-1,-4,-6,17,6,-1
1519732442194169,-17,-17,-9,-6,-5,-36,-16,-9
1519732442201188,6,7,1,0,4,7,4,4
1519732442201188,8,3,-4,-7,-19,-4,1,-2
1519732442217231,5,6,10,20,18,5,-1,1
1519732442217231,-10,-4,0,-10,-3,11,5,1
1519732442220238,-48,-24,1,3,2,-1,0,-21
1519732442220238,36,15,-11,-12,-8,-1,-1,1
1519732442240298,6,3,-4,1,-1,-4,-4,-1
1519732442240298,3,-2,2,4,3,8,5,2
1519732442241295,-14,-11,-4,-1,-2,-10,-5,-3
1519732442241295,-7,-6,-2,1,6,7,1,-4
1519732442262350,-7,-1,3,-3,2,3,0,-1
1519732442262350,8,9,-3,0,0,1,-3,-3
1519732442264356,19,11,-3,-3,-2,4,2,4
1519732442264356,-3,-3,1,4,4,-11,-7,0
1519732442277390,1,4,8,1,-7,-11,-2,3
1519732442277390,-2,-1,-2,-3,-4,7,1,-1
1519732442279396,3,-2,-4,2,3,4,-2,1
1519732442279396,-1,-3,-1,0,-1,-15,-5,1
1519732442300452,-4,-5,-7,-3,3,14,5,-5
1519732442300452,-3,2,4,-4,-9,-1,0,0
1519732442301455,17,10,0,3,9,-5,-7,5
1519732442301455,-11,-8,0,-3,6,1,-4,-8
1519732442313486,1,0,-1,1,9,0,1,3
1519732442313486,-8,-1,5,7,-4,6,6,1
1519732442322512,2,0,-6,-10,-18,-3,-6,-2
1519732442322512,3,3,-1,-1,-4,8,3,1
1519732442338568,-4,-1,3,1,5,-16,-7,-2
1519732442338568,2,-3,-16,-7,-7,1,-4,-1
1519732442339557,1,2,13,-1,-11,1,6,3
1519732442339557,-7,-8,-5,11,14,5,6,-1
1519732442359609,-11,-3,9,-5,-8,5,3,-2
1519732442359609,14,13,4,9,10,-4,-3,-2
1519732442361615,13,3,-11,-13,-4,-7,-6,-1
1519732442361615,-8,-12,-22,-6,-17,-1,-2,-2
1519732442373651,-23,-10,24,6,3,-4,4,-1
1519732442373651,9,1,-10,-2,3,-3,-4,-2
1519732442382671,0,3,9,4,4,1,2,1
1519732442382671,11,7,-3,-8,-1,5,2,2
1519732442397711,2,-1,-7,-5,-14,-8,-6,-3
1519732442397711,-25,-16,2,10,4,0,2,-1
1519732442398713,4,3,-3,-6,6,0,0,-2
1519732442398713,-5,-4,-2,-7,-10,-8,-4,0
1519732442419770,4,4,-7,-2,-1,5,4,1
1519732442419770,5,6,6,-8,5,4,1,0
1519732442422778,-3,-4,-3,12,8,-2,-3,-1
1519732442422778,-11,-1,3,-9,-14,-6,-3,0
1519732442433806,-7,-5,-2,9,15,3,-2,-5
1519732442433806,21,11,-10,-15,-22,-3,-3,0
1519732442442831,6,6,0,8,24,-1,0,1
1519732442442831,11,10,16,1,-5,-1,2,2
1519732442457870,6,4,0,6,2,2,3,3
1519732442457870,-17,-12,-4,-1,5,3,2,-2
1519732442458874,-14,-11,-12,-7,-17,-4,0,-3
1519732442458874,-2,5,7,6,15,-1,-2,-2
1519732442479929,5,-1,-5,-10,-10,1,0,1
1519732442479929,3,-2,4,1,10,-7,-7,-2
1519732442481935,-9,-3,-6,-1,-7,1,1,-3
1519732442481935,7,11,12,9,8,1,1,1
1519732442493967,3,-2,-6,-9,-4,-2,-2,0
1519732442493967,-8,-6,0,6,1,2,2,-1
1519732442502991,-7,-6,4,-2,-1,4,1,1
1519732442502991,-15,-8,-11,-4,1,-8,-7,-7
1519732442517028,17,11,-6,-6,-4,-5,-4,0
1519732442517028,-2,-4,-9,-4,-4,0,1,0
1519732442520036,-1,3,6,2,0,-3,-1,-1
1519732442520036,10,0,2,4,-1,0,0,1
1519732442540090,-7,-14,-10,-4,-3,-2,-3,-3
1519732442540090,-10,-4,12,5,4,5,1,-1
1519732442542094,2,9,5,4,-3,-5,-2,1
1519732442542094,2,1,1,-5,3,2,2,1
1519732442554126,-11,-8,-8,-3,-4,-1,-1,-1
1519732442554126,-2,-2,-16,-11,-6,-2,-2,-4
1519732442563150,0,2,14,9,8,6,1,-3
1519732442563150,22,16,10,6,-5,-3,-2,2
1519732442577188,3,-4,-11,-10,-7,-6,-2,2
1519732442577188,-4,-3,0,4,5,-1,1,2
1519732442579193,-10,-7,-4,-4,7,4,0,-2
1519732442579193,-6,-6,-11,-12,-7,-3,-1,-3
1519732442600249,-13,-2,-1,7,-1,1,1,-3
1519732442600249,18,11,12,-3,-7,-1,0,4
1519732442601252,9,0,-1,3,-2,0,-1,2
1519732442601252,-28,-20,-11,-6,1,0,0,-7
1519732442613284,12,7,1,-6,-4,-2,-2,1
1519732442613284,3,-2,-2,4,2,-3,0,-2
1519732442622310,-4,1,1,0,1,-1,1,1
1519732442622310,4,-1,1,3,2,2,-1,2
1519732442637348,9,9,3,-2,-1,-3,-1,0
1519732442637348,-7,-3,-2,2,0,-1,-4,-3
1519732442639354,6,8,5,-7,-13,-5,-3,0
1519732442639354,-11,-6,-3,-6,-3,2,3,-3
1519732442660409,-20,-19,-9,-8,1,-4,-1,-4
1519732442660409,16,10,3,1,-5,-3,-2,2
1519732442661412,-2,-1,3,10,11,6,2,0
1519732442661412,-7,-5,0,6,4,-2,-4,0
1519732442673463,11,4,-6,-4,-19,-1,-2,0
1519732442673463,-8,-8,5,-7,-6,-4,2,-3
1519732442682468,-3,-9,-14,-10,-2,-3,-2,-2
1519732442682468,-4,1,5,5,-2,0,0,-1
1519732442697508,-10,-2,3,3,6,2,2,0
1519732442697508,2,-2,-9,-7,-3,-2,-3,-1
1519732442699514,9,4,-1,2,-3,-2,-2,-2
1519732442699514,14,3,1,-4,4,0,-1,1
1519732442720569,-6,0,6,5,4,2,2,-1
1519732442720569,-20,-8,5,1,5,3,2,-1
1519732442722577,15,17,-7,-7,-5,-3,-1,1
1519732442722577,7,4,-3,2,-2,-1,-3,-2
1519732442733604,29,9,5,-1,2,-1,-1,5
1519732442733604,-7,-5,1,-1,-2,3,0,-3
1519732442742629,-14,-15,-7,-2,10,-6,-4,-4
1519732442742629,-10,-5,2,3,-2,1,4,2
1519732442757668,-1,2,-4,-3,-1,-1,-1,-2
1519732442757668,9,7,-2,-1,-3,-3,-2,-7
1519732442758675,-6,-2,-2,-7,-9,0,1,-2
1519732442758675,24,17,5,0,-3,-1,-1,5
1519732442779726,-8,-6,-1,3,4,-2,0,0
1519732442779726,-29,-12,5,-1,-7,2,-2,-11
1519732442781732,30,18,-4,5,6,-6,-8,-3
1519732442781732,0,-2,-1,-2,-1,-2,0,1
1519732442793765,-14,-3,2,0,0,2,1,-5
1519732442793765,16,6,-15,-7,-6,-4,0,2
1519732442802788,-4,1,16,5,13,5,4,5
1519732442802788,-6,-2,-2,6,6,1,-1,-2
1519732442817828,-8,-7,1,0,3,0,-2,-3
1519732442817828,-11,1,4,3,2,4,3,1
1519732442819833,-8,-16,-7,-6,-9,1,1,0
1519732442819833,8,0,-6,-10,-10,-7,-5,-2
1519732442839888,6,5,1,1,7,0,0,-3
1519732442839888,6,6,5,5,1,-2,2,13
1519732442841893,-3,1,0,1,-4,2,3,1
1519732442841893,-20,-19,-6,-3,-1,-2,-5,-6
1519732442853924,-9,0,4,7,0,2,-2,0
1519732442853924,3,-10,-4,-4,-3,-4,-5,-5
1519732442862948,-6,-5,1,2,3,-1,-1,-1
1519732442862948,6,10,5,0,1,5,4,3
1519732442876985,15,4,-9,-6,0,-5,-5,-3
1519732442876985,-9,-9,-3,-3,5,1,3,-5
1519732442884004,-2,-4,-2,-3,-23,-6,-6,15
1519732442884004,1,1,-1,1,8,3,2,3
1519732442900051,-1,-3,0,3,5,6,-4,13
1519732442900051,4,2,-1,1,0,-8,-5,2
1519732442902053,-3,0,-2,-7,-5,3,2,-6
1519732442902053,-4,0,7,4,1,-3,-10,12
1519732442914084,3,-2,-3,-7,-13,-2,3,5
1519732442914084,6,2,-1,7,9,-1,4,-5
1519732442923109,-7,0,4,4,7,2,-3,0
1519732442923109,12,-2,-8,-9,-16,-8,2,-7
1519732442937146,8,6,3,3,2,0,4,1
1519732442937146,-15,-11,-6,-6,-6,1,1,12
1519732442944165,-16,-18,-4,0,6,-2,-1,-13
1519732442944165,9,14,-2,-4,-7,4,3,6
1519732442960207,-24,-12,0,-1,-2,-6,-2,-6
1519732442960207,30,12,-2,-6,-11,-6,-6,-6
1519732442961210,4,0,2,4,-4,2,0,5
1519732442961210,-22,-15,-5,-3,10,-11,-8,-12
1519732442973241,-8,-6,-3,-4,-5,8,7,-6
1519732442973241,7,10,1,-1,4,0,-1,5
1519732442982266,-7,1,-1,-2,-3,-3,0,0
1519732442982266,-6,-11,-3,2,3,8,-8,-3
1519732442997306,16,8,-5,-5,-9,-15,-7,-1
1519732442997306,-5,1,4,6,10,5,2,-1
1519732443003321,0,2,-2,-2,-1,1,4,1
1519732443003321,-1,-1,3,2,3,2,-1,-14
1519732443020368,3,-2,1,-1,0,4,1,5
1519732443020368,-30,-11,-2,-2,-3,-7,-3,-22
1519732443021374,-4,-3,-7,-8,-2,-1,-2,-4
1519732443021374,27,8,-2,-1,-5,-8,-3,0
1519732443033401,0,-1,0,3,5,-8,1,0
1519732443033401,6,7,0,-1,-8,6,-6,1
1519732443042426,-14,-12,-4,-1,5,5,0,-8
1519732443042426,-10,-1,0,-4,-13,-12,5,5
1519732443056463,12,-1,-1,-2,-1,-1,-8,-4
1519732443056463,6,1,-2,1,-9,-8,-3,1
1519732443063482,-4,-2,0,-3,1,-2,-2,-2
1519732443063482,-17,-11,-5,0,2,9,5,-10
1519732443079524,2,1,6,8,11,4,-7,13
1519732443079524,-7,-4,-4,-2,-3,-4,1,1
1519732443081529,17,3,-4,-3,-6,-7,-4,0
1519732443081529,-7,-5,-8,-4,-3,-3,3,-4
1519732443103588,-14,-2,2,-4,6,11,4,-9
1519732443103588,-5,-4,4,3,10,-2,2,-8
1519732443105601,-3,1,-3,-1,-8,-11,-4,1
1519732443105601,12,8,-4,-2,12,-1,-10,-1
1519732443116623,-7,-8,-3,-1,-11,0,-2,-6
1519732443116623,11,3,5,1,2,7,1,5
1519732443123648,5,5,4,9,11,4,7,22
1519732443123648,-15,-15,-1,-4,-11,0,-1,-1
1519732443139686,8,7,-9,-5,-8,-8,4,-4
1519732443139686,-3,3,2,1,16,4,-2,3
1519732443141689,-1,2,3,0,-7,3,1,-14
1519732443141689,-4,-2,1,1,-2,2,-4,-5
1519732443162745,-15,-6,-1,0,-3,-13,-6,1
1519732443162745,16,9,-3,-2,1,7,1,2
1519732443163748,9,6,1,-2,-12,8,-3,-8
1519732443163748,5,-2,-3,-1,9,-7,1,1
1519732443176783,-1,0,-1,0,-3,-7,-2,-7
1519732443176783,-11,-9,-5,-6,-11,-11,-7,0
1519732443183802,-9,-4,0,5,13,-2,-2,-3
1519732443183802,-8,-1,11,7,2,3,-4,-1
1519732443199844,24,17,-2,-3,-12,-2,3,6
1519732443199844,-5,-7,-7,-1,3,-7,-2,0
1519732443201850,-11,-9,-6,-7,-2,6,0,-3
1519732443201850,11,9,3,5,8,-3,4,4
1519732443222907,-2,-3,0,-5,-4,12,1,-3
1519732443222907,0,-1,3,3,0,2,-4,0
1519732443223915,-19,-20,-8,-3,1,-19,-7,-9
1519732443223915,20,19,-11,-7,-14,6,4,10
1519732443235941,11,11,12,2,-2,-13,-3,-1
1519732443235941,5,9,6,6,7,-5,-1,-2
1519732443244964,-6,-20,-10,-7,-6,17,7,2
1519732443244964,-1,-8,-3,3,9,2,-2,0
1519732443260004,6,11,-5,-4,-2,14,3,3
1519732443260004,-14,-11,-3,-1,-3,-18,-1,-4
1519732443262010,-10,1,10,0,4,6,3,0
1519732443262010,-1,-5,-1,-4,-7,-5,-6,-8
1519732443283066,0,-1,-11,-9,-3,-4,-1,-1
1519732443283066,-3,-4,3,8,2,7,2,-3
1519732443284069,-1,-1,1,-8,-16,-15,-5,-3
1519732443284069,-14,-7,-1,14,21,20,15,5
1519732443296100,-5,-1,18,2,-13,1,-2,-2
1519732443296100,0,3,-4,0,7,10,4,1
1519732443305131,29,12,-11,-5,-4,-8,1,6
1519732443305131,-2,1,2,-9,-7,-4,-3,2
1519732443320164,1,-5,-10,-1,-2,-4,-6,-5
1519732443320164,-7,-10,-13,-9,-7,-1,-1,1
1519732443323180,-1,6,16,5,3,-1,-3,-3
1519732443323180,-4,-1,3,4,1,-2,-1,0
1519732443342223,2,-6,-9,-4,2,-2,-2,-3
1519732443342223,-13,-12,-6,-2,0,-1,-1,-3
1519732443344229,10,15,8,-7,5,4,0,1
1519732443344229,1,-1,-5,6,4,5,-1,0
1519732443356260,-21,-12,9,8,12,-14,-3,-4
1519732443356260,-6,-4,-12,-7,-17,2,2,-1
1519732443365285,5,-7,-16,-9,4,-8,-6,-2
1519732443365285,1,8,9,8,5,6,3,4
1519732443380325,2,-3,7,5,8,3,1,0
1519732443380325,5,5,6,5,10,5,1,-4
1519732443381328,12,8,0,-1,-6,4,2,2
1519732443381328,-12,-8,-10,-17,-17,-14,-7,-4
1519732443402383,-9,-8,-9,1,1,6,2,1
1519732443402383,-15,-9,-4,-12,-13,1,1,1
1519732443405400,2,1,-4,5,9,1,-3,-3
1519732443405400,2,9,25,7,-3,-3,1,1
1519732443416420,4,0,-7,-1,10,1,-1,0
1519732443416420,-1,-7,3,-7,-2,-1,-2,-1
1519732443425444,0,3,-17,4,-4,-2,-3,-4
1519732443425444,-26,-18,4,-1,-1,0,2,-3
1519732443440485,25,18,-1,-13,-9,-2,-1,4
1519732443440485,18,10,1,9,7,-1,-3,-2
1519732443441487,-8,-5,0,6,13,0,0,-3
1519732443441487,3,-4,-5,-2,-10,-4,0,2
1519732443462543,-15,-8,2,4,4,4,3,-3
1519732443462543,-2,-5,1,-2,-1,1,-1,-1
1519732443464549,7,11,6,1,-4,-1,1,3
1519732443464549,-4,-5,-15,-9,3,-1,-3,-3
1519732443476580,16,14,5,6,-2,0,-1,4
1519732443476580,0,-4,0,-1,-7,-5,-5,-3
1519732443492623,-32,-25,3,3,4,2,1,-2
1519732443492623,9,-4,-5,-8,-8,-3,-1,-2
1519732443499646,2,-2,-17,-6,-2,-4,-5,-3
1519732443499646,-18,-1,19,7,-3,7,8,4
1519732443501648,30,16,4,0,-4,-3,-3,1
1519732443501648,10,4,-11,-2,0,-2,-5,-3
1519732443522704,-17,-18,-6,-4,-2,-2,-2,-4
1519732443522704,-4,-5,-5,-5,-1,-1,-2,-2
1519732443523715,-9,-4,1,-1,-1,3,2,1
1519732443523715,-26,-13,-2,-3,-5,-1,3,-2
1519732443536741,4,4,4,6,4,-1,-3,-3
1519732443536741,35,28,0,-4,5,-1,-4,5
1519732443544762,3,6,1,6,-3,-2,1,2
1519732443544762,-10,-11,8,5,4,1,1,2
1519732443559802,-27,-14,-4,-5,-9,1,0,-5
1519732443559802,9,-1,-1,2,2,2,3,3
1519732443561807,0,0,-9,-5,-4,-7,-6,-7
1519732443561807,-7,-5,-1,-1,-3,-1,-1,-4
1519732443582863,-3,6,4,2,4,4,3,-1
1519732443582863,15,1,-8,-8,-2,-2,-1,1
1519732443583866,13,14,0,1,-7,-4,-3,1
1519732443583866,-10,-6,0,1,1,0,-2,-6
1519732443595898,4,6,-1,0,3,1,0,-2
1519732443595898,5,7,-6,-5,-19,-6,-2,-2
1519732443604925,9,-2,-1,2,2,-1,0,3
1519732443604925,5,5,-5,-5,-1,0,1,0
1519732443619962,-24,-3,0,3,3,-1,-1,-4
1519732443619962,-22,-27,5,3,6,4,0,-1
1519732443621971,-7,0,-2,-4,-9,-4,-2,-4
1519732443621971,25,14,-5,-2,0,0,-1,1
1519732443643024,5,3,-2,-4,-17,-6,-1,3
1519732443643024,-22,-19,-4,7,22,5,-1,-4
1519732443644026,-46,-31,4,4,4,3,3,-2
1519732443644026,49,38,-1,-7,-3,-10,-11,-2
1519732443656058,-9,-17,-2,2,1,10,1,-2
1519732443656058,2,5,-2,-5,-5,-10,1,3
1519732443665083,-21,-21,-8,-7,-5,0,-4,-8
1519732443665083,2,10,3,1,1,-2,0,2
1519732443680122,-4,1,12,10,17,4,1,0
1519732443680122,20,11,-4,-3,-12,-5,-3,2
1519732443682127,-2,-4,0,3,8,6,7,3
1519732443682127,-5,-6,-1,-1,-11,-4,-2,-2
1519732443702180,22,-7,-18,-12,-9,-9,-11,-7
1519732443702180,-19,-10,3,-6,-4,1,2,-1
1519732443705190,13,9,2,3,12,0,-2,0
1519732443705190,-16,-9,3,9,11,2,3,-1
1519732443716218,-24,-17,0,5,0,1,4,-2
1519732443716218,11,5,-3,-9,-6,0,-1,2
1519732443725242,27,12,-4,-6,-13,-4,1,2
1519732443725242,-18,-7,-1,1,14,13,-4,-3
1519732443740282,-12,-6,1,-4,-2,-17,3,-6
1519732443740282,8,12,0,3,-8,-6,0,2
1519732443742287,2,1,-7,-10,-2,-2,-3,-2
1519732443742287,-17,-9,-2,1,4,7,5,-1
1519732443762340,25,13,-3,-2,-13,-9,-3,3
1519732443762340,-27,-15,3,7,18,8,2,-8
1519732443764346,7,3,3,0,-14,-8,-2,2
1519732443764346,1,5,0,-5,-6,-2,7,3
1519732443776378,3,1,-3,-3,1,4,-11,-1
1519732443776378,-6,-5,-3,-2,-5,-6,2,-1
1519732443785402,-11,-7,-6,-5,5,3,0,-1
1519732443785402,15,5,0,-2,-22,-10,-2,-1
1519732443799439,-4,-9,-1,7,21,0,-4,1
1519732443799439,9,18,1,-5,-4,3,-3,1
1519732443806468,-4,-6,-1,-1,4,-3,-7,-3
1519732443806468,19,7,-2,-3,-5,-5,3,5
1519732443822501,-19,-12,1,0,-1,3,1,-5
1519732443822501,17,12,-5,-3,-6,-3,-10,-6
1519732443824506,-16,-12,5,4,0,13,14,2
1519732443824506,8,-6,-4,2,8,-2,-8,11
1519732443836538,-3,-4,6,4,1,6,5,5
1519732443836538,11,17,-2,-3,-1,-4,-1,0
1519732443845562,25,16,0,-1,11,-3,-6,0
1519732443845562,-10,-10,-5,-2,-3,-3,-6,-4
1519732443859599,1,4,1,-4,-8,1,3,2
1519732443859599,-21,0,9,8,10,10,8,4
1519732443866618,17,11,0,-3,-6,-16,-17,-11
1519732443866618,-1,-3,0,2,5,-1,-1,11
1519732443882660,4,5,-5,-9,-8,-4,0,3
1519732443882660,9,2,-2,6,13,17,4,-3
1519732443883664,-16,-9,1,-4,-15,-22,-2,-32
1519732443883664,-12,-9,3,3,7,6,-10,-4
1519732443895695,20,15,-2,-8,-31,-16,-2,4
1519732443895695,-13,-18,-4,3,19,2,1,0
1519732443905723,-8,-14,-6,5,8,18,8,5
1519732443905723,-4,-1,-1,-4,-4,-8,-2,-9
1519732443919759,-5,2,1,1,5,8,5,2
1519732443919759,-2,-1,-3,-4,-11,-4,-14,-16
1519732443922768,8,1,-2,-1,-11,-24,-15,-11
1519732443922768,-10,-3,-1,-1,3,-1,-1,-7
1519732443942820,5,9,2,3,-2,1,2,2
1519732443942820,-3,-8,-1,-2,-5,-2,-2,2
1519732443943824,-12,-9,-4,-4,-6,9,3,3
1519732443943824,8,9,2,1,-8,-8,3,2
1519732443955855,-6,-10,-2,0,14,13,0,-4
1519732443955855,-5,-3,1,1,-8,-12,2,3
1519732443964879,-11,-5,1,2,-3,-2,3,7
1519732443964879,6,6,-4,-5,0,21,14,5
1519732443979920,24,13,-2,0,0,-2,-8,12
1519732443979920,-30,-21,1,-1,-1,-4,-2,-6
1519732443981925,16,10,-3,-3,0,-1,7,10
1519732443981925,-6,-2,0,3,4,15,2,-4
1519732444002980,-21,-11,4,3,9,-4,1,-3
1519732444002980,33,13,-12,-12,-11,-7,-11,-5
1519732444004990,16,13,5,1,-4,4,2,9
1519732444004990,1,3,2,-1,1,-12,-4,-1
1519732444025040,0,-2,0,1,3,2,-1,-8
1519732444025040,-6,-6,4,-1,-5,-3,1,2
1519732444027045,-27,-22,-12,-2,0,0,2,0
1519732444027045,14,12,-7,-8,-7,-9,0,-2
1519732444040083,19,15,1,3,1,-4,-2,2
1519732444040083,2,7,17,13,13,22,6,0
1519732444042085,-4,2,7,6,3,-9,2,-1
1519732444042085,-17,-15,-5,1,-1,0,-3,1
1519732444062138,-14,-6,-7,-13,-4,3,3,-5
1519732444062138,4,-8,-20,-10,-7,-11,-5,0
1519732444064144,-5,3,16,3,-2,12,-2,0
1519732444064144,-7,-7,-5,3,3,-4,-1,0
1519732444085199,10,12,0,-1,3,7,5,-1
1519732444085199,1,3,4,2,-3,-7,4,6
1519732444086202,-6,-8,-3,-2,4,-3,-11,0
1519732444086202,1,-3,-8,-5,1,-7,-7,-10
1519732444100239,-5,-7,2,3,1,16,11,13
1519732444100239,-5,3,3,3,-3,-19,-15,1
1519732444101242,2,6,-1,-2,-4,-1,4,3
1519732444101242,4,3,-2,1,-2,-9,-7,-2
1519732444122298,-3,-3,6,1,4,6,-5,-7
1519732444122298,-6,-3,-3,-3,-4,0,4,-4
1519732444124303,-3,-1,-11,-6,-6,3,0,-1
1519732444124303,16,11,12,3,-1,0,1,3
1519732444145359,8,3,-1,-1,-2,-21,-6,-2
1519732444145359,-15,-20,-4,1,1,5,1,-2
1519732444146362,4,5,-4,-4,-5,3,0,-6
1519732444146362,-12,-11,-7,-3,4,10,12,0
1519732444159397,-14,-14,-9,-4,-5,-15,-7,-2
1519732444159397,-3,0,15,7,5,6,-1,-2
1519732444166417,21,15,-2,-1,-6,-9,-4,2
1519732444166417,7,6,6,4,1,-7,-5,2
1519732444182458,-17,-12,-1,-1,-1,11,-1,-8
1519732444182458,-5,-10,-20,-14,-18,-23,0,-1
1519732444184464,-5,1,2,-1,9,13,-2,-1
1519732444184464,0,2,8,9,0,8,6,2
1519732444205521,6,7,5,8,-3,-14,-3,3
1519732444205521,-6,2,3,-4,-4,15,10,-6
1519732444206527,-1,-2,-2,-8,-15,-8,-2,0
1519732444206527,9,-3,-6,-8,-3,-6,-10,-2
1519732444219557,-2,-5,-8,-2,0,10,5,-2
1519732444219557,3,4,0,0,6,2,3,1
1519732444226575,2,2,1,0,0,0,-4,2
1519732444226575,-12,-4,6,1,-6,-20,-6,-6
1519732444242618,-7,-3,1,3,-3,-1,-3,-7
1519732444242618,-13,-8,-9,-5,2,5,1,-3
1519732444244624,6,5,-3,-4,-1,-1,1,2
1519732444244624,10,9,0,0,-8,2,2,2
1519732444264677,-2,-4,1,2,9,3,0,-1
1519732444264677,-2,-4,-4,-2,0,-6,-1,1
1519732444266682,-15,-8,-2,-2,4,8,2,-2
1519732444266682,-9,-8,-2,-2,0,1,-2,1
1519732444278714,6,5,0,-4,-1,-2,3,-1
1519732444278714,0,-2,2,2,3,4,-1,3
1519732444287751,9,11,-3,6,3,-4,-4,1
1519732444287751,-2,-8,13,-3,1,-4,-4,-6
1519732444302778,-4,-5,-10,-4,4,3,2,-4
1519732444302778,-1,-1,6,5,3,0,0,2
1519732444304790,13,7,1,2,1,-5,0,3
1519732444304790,-5,-4,-12,4,22,7,4,0
1519732444324837,-13,-11,0,-4,-7,-2,-2,-2
1519732444324837,5,7,-6,-9,-4,-3,-2,-1
1519732444326842,-2,-5,-3,-2,-4,-1,-1,-4
1519732444326842,4,4,14,2,-5,2,-1,2
1519732444338882,-10,-6,-6,5,1,-5,0,1
1519732444338882,24,12,-1,-2,0,1,-1,4
1519732444347898,-16,-13,-2,-6,-4,-1,-2,-6
1519732444347898,-2,-2,-11,-4,-7,-2,0,-3
1519732444362939,10,9,11,-4,-6,-2,-1,2
1519732444362939,0,-3,-6,1,-4,-2,-4,-4
1519732444363941,-2,0,-5,3,2,-2,-2,1
1519732444363941,-7,-2,4,-11,-6,1,2,0
1519732444384999,0,7,-2,6,15,0,-1,-3
1519732444384999,6,-2,7,4,0,2,-1,1
1519732444387002,2,0,-8,-6,2,1,2,2
1519732444387002,-12,-14,-11,-2,-3,-3,-4,-6
1519732444399034,-5,3,1,-1,-6,-1,0,-1
1519732444399034,14,16,14,-3,-3,0,0,0
1519732444408059,-12,-13,1,8,5,-1,1,-3
1519732444408059,7,10,1,-3,-3,-2,-2,3
1519732444423099,-3,-9,-19,-4,-4,-3,-2,-3
1519732444423099,5,7,9,-3,-3,-2,-2,0
1519732444424101,-8,-5,0,1,3,3,3,0
1519732444424101,-9,-8,9,15,4,3,0,2
1519732444445157,18,10,-1,-3,-4,-5,-7,-3
1519732444445157,-22,-18,-10,-5,-2,-2,-2,-4
1519732444447162,-14,-7,-5,-4,2,3,2,0
1519732444447162,7,5,-5,-11,-6,2,0,-1
1519732444459194,10,3,2,4,-7,-8,-6,-1
1519732444459194,-5,-2,-5,-2,3,2,0,-3
1519732444467217,-15,-14,5,1,-2,1,2,-4
1519732444467217,15,12,-7,-2,-2,-5,0,2
1519732444482256,6,2,5,-4,-11,-2,-1,1
1519732444482256,-7,2,-7,9,13,3,0,-2
1519732444484262,20,18,20,8,3,-3,0,6
1519732444484262,-10,-8,-11,-9,-16,-1,-1,-4
1519732444505318,-43,-32,-10,-9,-2,3,2,-4
1519732444505318,40,19,-2,-4,-6,-5,-3,4
1519732444506360,18,19,6,2,1,1,0,1
1519732444506360,-6,-7,2,9,5,-1,-1,-1
1519732444518352,3,-2,-8,-14,-4,-3,0,-1
1519732444518352,-24,-16,-7,4,1,0,1,-1
1519732444527376,1,1,2,2,1,-1,-2,1
1519732444527376,7,8,11,-1,-7,-1,-2,-1
1519732444542418,-43,-30,-1,6,11,3,0,-8
1519732444542418,29,15,-6,-9,-9,-3,-2,1
1519732444544421,7,3,-1,-1,-2,-2,-4,0
1519732444544421,-10,-8,-12,-8,0,0,-1,-1
1519732444565477,2,4,5,5,7,3,1,1
1519732444565477,-9,-7,10,10,9,-1,0,1
1519732444566480,-4,-3,1,-8,-15,-3,-2,-2
1519732444566480,-12,-10,-8,-1,3,2,2,-2
1519732444578511,11,9,-3,-2,-2,-3,-2,-1
1519732444578511,-15,-9,-4,-3,-3,-1,-1,-3
1519732444587540,36,15,-3,-3,-2,9,-3,2
1519732444587540,4,6,7,7,5,-18,-5,0
1519732444602575,4,-1,-5,-5,-1,0,-1,1
1519732444602575,-14,-7,1,0,-1,1,3,-3
1519732444605585,-6,7,-1,5,5,1,3,2
1519732444605585,10,-2,-18,-11,-10,1,-3,-2
1519732444624635,15,15,13,0,3,0,1,2
1519732444624635,-4,2,8,8,4,-1,0,1
1519732444626640,-16,-11,-7,-2,1,-1,2,-1
1519732444626640,-8,-6,-1,0,1,3,0,-3
1519732444638677,9,6,-8,-5,-10,-5,-4,0
1519732444638677,-2,-2,-1,-5,-3,1,-2,-3
1519732444647696,-13,-11,-3,-5,0,-2,2,-4
1519732444647696,13,13,8,7,5,2,3,8
1519732444662735,-15,-9,4,2,1,1,-2,-5
1519732444662735,1,-5,-11,-9,-5,-6,-6,-7
1519732444663739,11,7,-2,0,1,-4,-2,0
1519732444663739,-17,-13,0,2,1,1,1,-3
1519732444684795,-2,1,-2,0,0,1,5,2
1519732444684795,-14,-12,1,0,-2,-2,-4,4
1519732444686800,44,25,-9,-12,-10,-11,-15,-10
1519732444686800,1,7,9,5,1,4,2,0
1519732444698831,3,-3,0,2,0,-1,-1,-1
1519732444698831,-24,-13,-5,1,0,-7,1,-4
1519732444707856,-15,-12,1,1,-2,8,4,3
1519732444707856,3,6,-1,-7,-1,1,1,-4
1519732444722897,8,9,0,3,8,-3,-1,1
1519732444722897,14,5,3,0,-9,-3,-2,-2
1519732444723899,-13,-8,0,-2,1,-3,4,-1
1519732444723899,4,2,-12,-8,-8,0,-3,0
1519732444744954,-7,-1,8,3,-3,1,2,1
1519732444744954,8,6,3,3,4,2,0,1
1519732444746960,-20,-10,3,2,1,1,1,-2
1519732444746960,-2,-7,-6,-5,-3,-3,-2,-4
1519732444758992,16,4,-5,-4,-3,-3,-1,2
1519732444758992,6,13,-5,-6,-2,1,-1,-1
1519732444768016,-31,-21,5,8,8,2,1,-2
1519732444768016,8,6,-2,-3,-4,-4,1,-6
1519732444782053,-7,-5,0,4,2,-2,-5,1
1519732444782053,18,7,-6,-6,-7,-1,-3,-2
1519732444789073,-6,-4,-5,-4,-8,-5,-2,-2
1519732444789073,0,3,6,3,4,12,7,6
1519732444805127,-10,-5,7,5,11,-6,-2,-2
1519732444805127,3,-3,-4,-4,-4,1,0,1
1519732444807120,5,-2,-1,-4,-2,-3,-12,1
1519732444807120,2,0,-10,3,-2,-7,-3,-9
1519732444819152,11,8,10,1,-3,11,2,4
1519732444819152,-30,-18,0,2,4,0,3,-4
1519732444828176,8,0,-5,-1,-1,-3,-3,-3
1519732444828176,-14,-13,-10,-7,-4,-5,0,0
1519732444842213,-11,-6,-1,-7,-7,-4,3,-4
1519732444842213,13,2,-3,0,-2,-4,-2,1
1519732444848229,0,-1,1,-1,-3,0,2,3
1519732444848229,-15,-4,8,4,5,1,1,1
1519732444865274,-22,-28,-13,-4,-2,-3,0,-8
1519732444865274,26,19,2,-2,3,1,-3,15
1519732444866277,10,8,-4,1,2,1,3,3
1519732444866277,-4,-6,8,3,3,1,0,2
1519732444878309,13,3,-2,-1,2,14,-1,1
1519732444878309,-3,3,1,1,-7,-15,7,-3
1519732444888339,-6,-9,-1,4,4,-7,-8,-2
1519732444888339,0,14,2,2,2,-1,1,6
1519732444902373,5,-16,-13,-9,-9,-7,-6,-6
1519732444902373,-16,-10,-3,-3,2,11,0,-6
1519732444908389,-3,-4,0,-1,3,2,3,9
1519732444908389,-8,-11,-5,-4,-1,-1,-5,-5
1519732444925435,16,16,4,2,-1,-4,1,-3
1519732444925435,13,7,-5,-4,0,-1,-5,1
1519732444926437,-2,-3,-1,0,0,0,0,-6
1519732444926437,0,5,8,5,2,3,-2,-1
1519732444938479,-14,-13,-12,-8,-6,-10,-8,-8
1519732444938479,9,4,2,2,3,4,2,0
1519732444947493,-2,3,-3,-2,1,7,1,1
1519732444947493,26,8,3,-2,-8,-14,-3,0
1519732444962533,9,14,6,3,3,13,3,4
1519732444962533,-12,-1,3,5,-6,-10,-1,-3
1519732444964538,-21,-27,-8,-6,-3,1,1,2
1519732444964538,-13,-8,-7,-5,-2,0,-5,-14
1519732444984591,-2,-1,0,-2,-4,-4,0,4
1519732444984591,15,12,-4,-8,1,0,0,2
1519732444986598,-36,-30,-2,0,-2,-4,-4,-14
1519732444986598,-2,2,0,5,3,4,0,1
1519732445007653,16,17,6,0,-1,-3,3,5
1519732445007653,-29,-18,-1,5,5,6,-1,-19
1519732445009659,23,20,3,2,1,-1,5,14
1519732445009659,13,7,-6,-5,-4,-8,-10,0
1519732445021702,3,6,4,2,0,0,-3,1
1519732445021702,3,-2,-5,-2,-1,8,1,-4
1519732445028709,2,9,1,-2,-2,-10,2,5
1519732445028709,-5,-9,-4,-6,-1,3,3,4
1519732445044752,3,7,8,12,3,2,2,0
1519732445044752,-3,-5,4,1,-1,-3,-5,4
1519732445046758,-12,-6,-1,-2,-3,-2,4,-8
1519732445046758,9,10,-13,-3,0,-1,0,2
1519732445067813,12,3,6,-9,-5,-7,-2,-2
1519732445067813,-16,-13,-1,3,-1,-4,-4,0
1519732445068817,2,2,-3,-3,2,5,-1,-5
1519732445068817,-11,-9,3,8,0,-2,3,1
1519732445081851,-6,-4,-8,-3,4,3,-1,1
1519732445081851,2,2,5,-1,1,0,-5,0
1519732445088870,-6,0,-3,2,-10,2,3,-4
1519732445088870,20,10,7,-6,3,7,0,6
1519732445104922,2,1,-12,-2,-10,-18,-14,-7
1519732445104922,-2,-2,11,4,2,-2,0,6
1519732445107920,3,7,10,-1,-3,8,-4,-1
1519732445107920,-13,-11,-5,-6,-4,-16,-6,-7
1519732445127973,-32,-20,-8,4,3,3,2,-4
1519732445127973,38,24,-1,-5,-3,2,-3,3
1519732445128977,11,6,0,-1,-5,1,-2,3
1519732445128977,2,-1,6,2,5,-13,3,0
1519732445141017,-10,-7,-6,-5,4,20,6,-2
1519732445141017,-24,-18,-10,-8,-5,-8,1,-4
1519732445150032,0,12,7,11,4,4,3,1
1519732445150032,20,8,5,-12,-8,0,-8,-5
1519732445165072,-1,-1,-7,9,-1,-5,3,3
1519732445165072,-4,-4,9,-5,-12,-1,0,2
1519732445167078,-1,-1,-3,-5,8,-5,-4,-1
1519732445167078,-17,-10,-8,9,-8,4,0,-3
1519732445188139,10,8,5,-9,2,-17,-11,-5
1519732445188139,-6,-4,-4,-12,-22,-4,-2,-1
1519732445189137,0,-4,-14,-1,13,3,0,-4
1519732445189137,-6,-1,5,6,18,4,-6,2
1519732445202170,6,5,11,4,-13,-16,4,0
1519732445202170,-2,1,-4,0,1,-3,-9,-3
1519732445209189,1,-6,-11,-10,-20,-7,-3,-6
1519732445209189,6,2,1,-4,2,8,2,4
1519732445232250,3,0,-11,1,6,7,2,7
1519732445232250,-6,1,25,10,9,0,3,-3
1519732445235259,7,3,-6,-5,-2,-3,0,-1
1519732445235259,-19,-17,-9,-4,-6,1,0,-7
1519732445247291,0,-6,-11,-10,-4,-1,-2,-2
1519732445247291,12,10,-9,2,-3,1,2,1
1519732445249296,-3,-9,7,1,8,1,-2,-1
1519732445249296,4,13,0,-8,-7,2,2,3
1519732445261328,4,8,10,4,-14,-1,-1,-8
1519732445261328,-7,-11,-13,5,23,9,6,6
1519732445270353,-4,-6,8,8,-3,-6,-3,-1
1519732445270353,1,0,2,2,0,-4,-1,0
1519732445285392,-2,1,-1,-9,-8,3,1,0
1519732445285392,-10,-12,-11,-2,9,0,-1,-3
1519732445286396,-2,-1,-1,6,7,-4,-2,-2
1519732445286396,-5,-7,-3,-9,-1,1,3,2
